frame_id,generate_ms,encode_latency_ms,payload_extract_ms,enqueue_ms,queue_depth,dropped_before,send_ms,bytes_sent,frame_age_at_send_ms,send_failed,keyframe,sender_dropped,payload_bytes,status
0,5.1405,28.8280,0.0332,0.0000,0,0,0.0000,0,0.0000,0,1,0,60271,0
1,3.0309,25.1373,0.0150,0.0000,0,0,0.0000,0,0.0000,0,1,0,43482,0
2,2.9124,25.5557,0.0065,0.0000,0,0,0.0000,0,0.0000,0,1,0,59828,0
3,2.8901,24.9801,0.0106,0.0000,0,0,0.0000,0,0.0000,0,1,0,68126,0
4,5.1405,5.7700,0.0100,0.0000,0,0,0.0000,0,0.0000,0,0,0,16498,0
5,3.0309,5.6407,0.0079,0.0000,0,0,0.0000,0,0.0000,0,0,0,14403,0
6,2.9124,10.4062,0.0034,0.0000,0,0,0.0000,0,0.0000,0,0,0,17862,0
7,2.8901,10.4081,0.0052,0.0000,0,0,0.0000,0,0.0000,0,0,0,17138,0
8,5.1405,5.6710,0.0018,0.0000,0,0,0.0000,0,0.0000,0,0,0,9226,0
9,3.0309,5.5705,0.0013,0.0000,0,0,0.0000,0,0.0000,0,0,0,6914,0
10,2.9124,10.4541,0.0018,0.0000,0,0,0.0000,0,0.0000,0,0,0,11125,0
11,2.8901,10.4425,0.0034,0.0000,0,0,0.0000,0,0.0000,0,0,0,9621,0
12,5.1405,5.5850,0.0022,0.0000,0,0,0.0000,0,0.0000,0,0,0,17369,0
13,3.0309,5.5409,0.0063,0.0000,0,0,0.0000,0,0.0000,0,0,0,16755,0
14,2.9124,10.2774,0.0060,0.0000,0,0,0.0000,0,0.0000,0,0,0,19658,0
15,2.8901,10.3061,0.0019,0.0000,0,0,0.0000,0,0.0000,0,0,0,15622,0
16,5.1405,5.6122,0.0120,0.0000,0,0,0.0000,0,0.0000,0,0,0,23309,0
17,3.0309,5.5275,0.0028,0.0000,0,0,0.0000,0,0.0000,0,0,0,20346,0
18,2.9124,10.2738,0.0095,0.0000,0,0,0.0000,0,0.0000,0,0,0,22802,0
19,2.8901,10.2674,0.0020,0.0000,0,0,0.0000,0,0.0000,0,0,0,21407,0
20,5.1405,5.7570,0.0037,0.0000,0,0,0.0000,0,0.0000,0,0,0,13027,0
21,3.0309,5.6703,0.0020,0.0000,0,0,0.0000,0,0.0000,0,0,0,11737,0
22,2.9124,10.3931,0.0016,0.0000,0,0,0.0000,0,0.0000,0,0,0,12722,0
23,2.8901,10.4803,0.0016,0.0000,0,0,0.0000,0,0.0000,0,0,0,16214,0
24,5.1405,5.5956,0.0012,0.0000,0,0,0.0000,0,0.0000,0,0,0,7002,0
25,3.0309,5.5715,0.0009,0.0000,0,0,0.0000,0,0.0000,0,0,0,5132,0
26,2.9124,10.3328,0.0020,0.0000,0,0,0.0000,0,0.0000,0,0,0,7491,0
27,2.8901,10.3972,0.0010,0.0000,0,0,0.0000,0,0.0000,0,0,0,4790,0
28,5.1405,5.5623,0.0016,0.0000,0,0,0.0000,0,0.0000,0,0,0,3933,0
29,3.0309,5.5462,0.0010,0.0000,0,0,0.0000,0,0.0000,0,0,0,3799,0
30,2.9124,10.5288,0.0017,0.0000,0,0,0.0000,0,0.0000,0,0,0,4399,0
31,2.8901,10.4811,0.0011,0.0000,0,0,0.0000,0,0.0000,0,0,0,3276,0
32,5.1405,5.6539,0.0010,0.0000,0,0,0.0000,0,0.0000,0,0,0,3260,0
33,3.0309,5.5284,0.0008,0.0000,0,0,0.0000,0,0.0000,0,0,0,2850,0
34,2.9124,10.3297,0.0010,0.0000,0,0,0.0000,0,0.0000,0,0,0,3280,0
35,2.8901,10.3569,0.0008,0.0000,0,0,0.0000,0,0.0000,0,0,0,2761,0
36,5.1405,5.6398,0.0022,0.0000,0,0,0.0000,0,0.0000,0,0,0,3090,0
37,3.0309,5.5975,0.0008,0.0000,0,0,0.0000,0,0.0000,0,0,0,2691,0
38,2.9124,10.4119,0.0008,0.0000,0,0,0.0000,0,0.0000,0,0,0,3020,0
39,2.8901,10.3748,0.0006,0.0000,0,0,0.0000,0,0.0000,0,0,0,2648,0
40,5.1405,5.5465,0.0014,0.0000,0,0,0.0000,0,0.0000,0,0,0,2664,0
41,3.0309,5.4861,0.0009,0.0000,0,0,0.0000,0,0.0000,0,0,0,2213,0
42,2.9124,10.3540,0.0012,0.0000,0,0,0.0000,0,0.0000,0,0,0,1084,0
43,2.8901,10.3884,0.0010,0.0000,0,0,0.0000,0,0.0000,0,0,0,2638,0
44,5.1405,5.6217,0.0010,0.0000,0,0,0.0000,0,0.0000,0,0,0,1673,0
45,3.0309,5.5108,0.0007,0.0000,0,0,0.0000,0,0.0000,0,0,0,1302,0
46,2.9124,10.3397,0.0010,0.0000,0,0,0.0000,0,0.0000,0,0,0,959,0
47,2.8901,10.3082,0.0010,0.0000,0,0,0.0000,0,0.0000,0,0,0,2173,0
48,5.1405,5.6095,0.0013,0.0000,0,0,0.0000,0,0.0000,0,0,0,1538,0
49,3.0309,5.5708,0.0010,0.0000,0,0,0.0000,0,0.0000,0,0,0,1107,0
50,2.9124,10.2522,0.0045,0.0000,0,0,0.0000,0,0.0000,0,0,0,819,0
51,2.8901,10.2540,0.0010,0.0000,0,0,0.0000,0,0.0000,0,0,0,1668,0
52,5.1405,5.6478,0.0010,0.0000,0,0,0.0000,0,0.0000,0,0,0,1248,0
53,3.0309,5.5969,0.0009,0.0000,0,0,0.0000,0,0.0000,0,0,0,944,0
54,2.9124,10.3374,0.0012,0.0000,0,0,0.0000,0,0.0000,0,0,0,945,0
55,2.8901,10.3207,0.0011,0.0000,0,0,0.0000,0,0.0000,0,0,0,743,0
56,5.1405,5.6143,0.0012,0.0000,0,0,0.0000,0,0.0000,0,0,0,1198,0
57,3.0309,5.5527,0.0013,0.0000,0,0,0.0000,0,0.0000,0,0,0,836,0
58,2.9124,10.3122,0.0013,0.0000,0,0,0.0000,0,0.0000,0,0,0,1250,0
59,2.8901,10.3029,0.0013,0.0000,0,0,0.0000,0,0.0000,0,0,0,717,0
60,5.1405,5.6934,0.0019,0.0000,0,0,0.0000,0,0.0000,0,0,0,1168,0
61,3.0309,5.5666,0.0010,0.0000,0,0,0.0000,0,0.0000,0,0,0,792,0
62,2.9124,10.4264,0.0013,0.0000,0,0,0.0000,0,0.0000,0,0,0,1108,0
63,2.8901,10.3227,0.0008,0.0000,0,0,0.0000,0,0.0000,0,0,0,792,0
64,5.1405,5.7908,0.0025,0.0000,0,0,0.0000,0,0.0000,0,0,0,1037,0
65,3.0309,5.6098,0.0010,0.0000,0,0,0.0000,0,0.0000,0,0,0,722,0
66,2.9124,10.4750,0.0018,0.0000,0,0,0.0000,0,0.0000,0,0,0,1361,0
67,2.8901,10.4017,0.0018,0.0000,0,0,0.0000,0,0.0000,0,0,0,925,0
68,5.1405,5.7298,0.0016,0.0000,0,0,0.0000,0,0.0000,0,0,0,987,0
69,3.0309,5.6444,0.0013,0.0000,0,0,0.0000,0,0.0000,0,0,0,676,0
70,2.9124,10.3613,0.0015,0.0000,0,0,0.0000,0,0.0000,0,0,0,1198,0
71,2.8901,10.2942,0.0014,0.0000,0,0,0.0000,0,0.0000,0,0,0,1094,0
72,5.1405,5.7443,0.0022,0.0000,0,0,0.0000,0,0.0000,0,0,0,879,0
73,3.0309,5.6519,0.0015,0.0000,0,0,0.0000,0,0.0000,0,0,0,648,0
74,2.9124,10.4265,0.0018,0.0000,0,0,0.0000,0,0.0000,0,0,0,1117,0
75,2.8901,10.3234,0.0026,0.0000,0,0,0.0000,0,0.0000,0,0,0,1077,0
76,5.1405,5.9078,0.0063,0.0000,0,0,0.0000,0,0.0000,0,0,0,746,0
77,3.0309,5.6465,0.0064,0.0000,0,0,0.0000,0,0.0000,0,0,0,643,0
78,2.9124,10.5503,0.0051,0.0000,0,0,0.0000,0,0.0000,0,0,0,1064,0
79,2.8901,10.4062,0.0051,0.0000,0,0,0.0000,0,0.0000,0,0,0,1295,0
80,5.1405,6.2265,0.0064,0.0000,0,0,0.0000,0,0.0000,0,0,0,687,0
81,3.0309,5.7261,0.0019,0.0000,0,0,0.0000,0,0.0000,0,0,0,622,0
82,2.9124,10.1265,0.0043,0.0000,0,0,0.0000,0,0.0000,0,0,0,1368,0
83,2.8901,10.1910,0.0029,0.0000,0,0,0.0000,0,0.0000,0,0,0,709,0
84,5.1405,6.2635,0.0061,0.0000,0,0,0.0000,0,0.0000,0,0,0,716,0
85,3.0309,5.9183,0.0022,0.0000,0,0,0.0000,0,0.0000,0,0,0,620,0
86,2.9124,10.0308,0.0027,0.0000,0,0,0.0000,0,0.0000,0,0,0,710,0
87,2.8901,10.2075,0.0026,0.0000,0,0,0.0000,0,0.0000,0,0,0,715,0
88,5.1405,6.4749,0.0060,0.0000,0,0,0.0000,0,0.0000,0,0,0,717,0
89,3.0309,5.8729,0.0015,0.0000,0,0,0.0000,0,0.0000,0,0,0,613,0
90,2.9124,10.6939,0.0026,0.0000,0,0,0.0000,0,0.0000,0,0,0,696,0
91,2.8901,10.4852,0.0027,0.0000,0,0,0.0000,0,0.0000,0,0,0,724,0
92,5.1405,7.3755,0.0037,0.0000,0,0,0.0000,0,0.0000,0,0,0,685,0
93,3.0309,6.8154,0.0037,0.0000,0,0,0.0000,0,0.0000,0,0,0,617,0
94,2.9124,10.4931,0.0026,0.0000,0,0,0.0000,0,0.0000,0,0,0,755,0
95,2.8901,10.3347,0.0013,0.0000,0,0,0.0000,0,0.0000,0,0,0,779,0
96,5.1405,6.2193,0.0047,0.0000,0,0,0.0000,0,0.0000,0,0,0,664,0
97,3.0309,5.7260,0.0018,0.0000,0,0,0.0000,0,0.0000,0,0,0,622,0
98,2.9124,10.4568,0.0041,0.0000,0,0,0.0000,0,0.0000,0,0,0,785,0
99,2.8901,10.3273,0.0219,0.0000,0,0,0.0000,0,0.0000,0,0,0,906,0
100,5.1405,6.8293,0.0038,0.0000,0,0,0.0000,0,0.0000,0,0,0,636,0
101,3.0309,5.9137,0.0015,0.0000,0,0,0.0000,0,0.0000,0,0,0,626,0
102,2.9124,9.3953,0.0043,0.0000,0,0,0.0000,0,0.0000,0,0,0,868,0
103,2.8901,10.4234,0.0043,0.0000,0,0,0.0000,0,0.0000,0,0,0,830,0
104,5.1405,6.1983,0.0066,0.0000,0,0,0.0000,0,0.0000,0,0,0,635,0
105,3.0309,6.0242,0.0025,0.0000,0,0,0.0000,0,0.0000,0,0,0,608,0
106,2.9124,10.7008,0.0063,0.0000,0,0,0.0000,0,0.0000,0,0,0,801,0
107,2.8901,10.8686,0.0032,0.0000,0,0,0.0000,0,0.0000,0,0,0,966,0
108,5.1405,6.1710,0.0054,0.0000,0,0,0.0000,0,0.0000,0,0,0,650,0
109,3.0309,5.7920,0.0017,0.0000,0,0,0.0000,0,0.0000,0,0,0,606,0
110,2.9124,7.4822,0.0031,0.0000,0,0,0.0000,0,0.0000,0,0,0,1017,0
111,2.8901,7.3692,0.0020,0.0000,0,0,0.0000,0,0.0000,0,0,0,705,0
112,5.1405,6.1593,0.0062,0.0000,0,0,0.0000,0,0.0000,0,0,0,646,0
113,3.0309,6.5186,0.0035,0.0000,0,0,0.0000,0,0.0000,0,0,0,607,0
114,2.9124,9.8012,0.0850,0.0000,0,0,0.0000,0,0.0000,0,0,0,933,0
115,2.8901,9.8925,0.0016,0.0000,0,0,0.0000,0,0.0000,0,0,0,703,0
116,5.1405,6.3820,0.0050,0.0000,0,0,0.0000,0,0.0000,0,0,0,651,0
117,3.0309,5.7260,0.0050,0.0000,0,0,0.0000,0,0.0000,0,0,0,609,0
118,2.9124,11.5578,0.0050,0.0000,0,0,0.0000,0,0.0000,0,0,0,926,0
119,2.8901,11.3658,0.0050,0.0000,0,0,0.0000,0,0.0000,0,0,0,728,0
120,5.1405,6.4169,0.0217,0.0000,0,0,0.0000,0,0.0000,0,0,0,638,0
121,3.0309,5.8422,0.0014,0.0000,0,0,0.0000,0,0.0000,0,0,0,601,0
122,2.9124,10.4410,0.0061,0.0000,0,0,0.0000,0,0.0000,0,0,0,856,0
123,2.8901,10.3543,0.0012,0.0000,0,0,0.0000,0,0.0000,0,0,0,752,0
124,5.1405,6.0871,0.0056,0.0000,0,0,0.0000,0,0.0000,0,0,0,623,0
125,3.0309,5.6870,0.0015,0.0000,0,0,0.0000,0,0.0000,0,0,0,601,0
126,2.9124,10.4051,0.0045,0.0000,0,0,0.0000,0,0.0000,0,0,0,1082,0
127,2.8901,10.3393,0.0031,0.0000,0,0,0.0000,0,0.0000,0,0,0,805,0
128,5.1405,6.3751,0.0050,0.0000,0,0,0.0000,0,0.0000,0,0,0,626,0
129,3.0309,5.8660,0.0011,0.0000,0,0,0.0000,0,0.0000,0,0,0,601,0
130,2.9124,10.4002,0.0074,0.0000,0,0,0.0000,0,0.0000,0,0,0,712,0
131,2.8901,10.2143,0.0018,0.0000,0,0,0.0000,0,0.0000,0,0,0,775,0
132,5.1405,7.3381,0.0067,0.0000,0,0,0.0000,0,0.0000,0,0,0,622,0
133,3.0309,6.1998,0.0067,0.0000,0,0,0.0000,0,0.0000,0,0,0,601,0
134,2.9124,10.1037,0.0027,0.0000,0,0,0.0000,0,0.0000,0,0,0,709,0
135,2.8901,10.2008,0.0028,0.0000,0,0,0.0000,0,0.0000,0,0,0,911,0
136,5.1405,6.5798,0.0060,0.0000,0,0,0.0000,0,0.0000,0,0,0,611,0
137,3.0309,5.6882,0.0059,0.0000,0,0,0.0000,0,0.0000,0,0,0,601,0
138,2.9124,9.2257,0.0026,0.0000,0,0,0.0000,0,0.0000,0,0,0,723,0
139,2.8901,9.2025,0.0019,0.0000,0,0,0.0000,0,0.0000,0,0,0,698,0
140,5.1405,6.5512,0.0088,0.0000,0,0,0.0000,0,0.0000,0,0,0,618,0
141,3.0309,5.7863,0.0024,0.0000,0,0,0.0000,0,0.0000,0,0,0,601,0
142,2.9124,10.5879,0.0058,0.0000,0,0,0.0000,0,0.0000,0,0,0,744,0
143,2.8901,10.3745,0.0057,0.0000,0,0,0.0000,0,0.0000,0,0,0,696,0
144,5.1405,6.6688,0.0050,0.0000,0,0,0.0000,0,0.0000,0,0,0,605,0
145,3.0309,5.9124,0.0022,0.0000,0,0,0.0000,0,0.0000,0,0,0,601,0
146,2.9124,9.3930,0.0057,0.0000,0,0,0.0000,0,0.0000,0,0,0,786,0
147,2.8901,10.3718,0.0029,0.0000,0,0,0.0000,0,0.0000,0,0,0,704,0
148,5.1405,6.9198,0.0068,0.0000,0,0,0.0000,0,0.0000,0,0,0,606,0
149,3.0309,5.9770,0.0011,0.0000,0,0,0.0000,0,0.0000,0,0,0,601,0
150,2.9124,11.9666,0.0056,0.0000,0,0,0.0000,0,0.0000,0,0,0,780,0
151,2.8901,8.5790,0.0016,0.0000,0,0,0.0000,0,0.0000,0,0,0,741,0
152,5.1405,6.7542,0.0066,0.0000,0,0,0.0000,0,0.0000,0,0,0,605,0
153,3.0309,5.9295,0.0011,0.0000,0,0,0.0000,0,0.0000,0,0,0,601,0
154,2.9124,10.9095,0.0058,0.0000,0,0,0.0000,0,0.0000,0,0,0,808,0
155,2.8901,10.8172,0.0017,0.0000,0,0,0.0000,0,0.0000,0,0,0,758,0
156,5.1405,6.6269,0.0284,0.0000,0,0,0.0000,0,0.0000,0,0,0,606,0
157,3.0309,6.0255,0.0015,0.0000,0,0,0.0000,0,0.0000,0,0,0,601,0
158,2.9124,10.3638,0.0037,0.0000,0,0,0.0000,0,0.0000,0,0,0,795,0
159,2.8901,13.7981,0.0069,0.0000,0,0,0.0000,0,0.0000,0,0,0,738,0
160,5.1405,6.0663,0.0055,0.0000,0,0,0.0000,0,0.0000,0,0,0,601,0
161,3.0309,5.6826,0.0052,0.0000,0,0,0.0000,0,0.0000,0,0,0,601,0
162,2.9124,10.4321,0.0036,0.0000,0,0,0.0000,0,0.0000,0,0,0,771,0
163,2.8901,10.3277,0.0030,0.0000,0,0,0.0000,0,0.0000,0,0,0,836,0
164,5.1405,6.8377,0.0058,0.0000,0,0,0.0000,0,0.0000,0,0,0,601,0
165,3.0309,5.7600,0.0018,0.0000,0,0,0.0000,0,0.0000,0,0,0,601,0
166,2.9124,10.3778,0.0034,0.0000,0,0,0.0000,0,0.0000,0,0,0,779,0
167,2.8901,10.2620,0.0014,0.0000,0,0,0.0000,0,0.0000,0,0,0,698,0
168,5.1405,6.2148,0.0066,0.0000,0,0,0.0000,0,0.0000,0,0,0,601,0
169,3.0309,5.7295,0.0018,0.0000,0,0,0.0000,0,0.0000,0,0,0,601,0
170,2.9124,10.5133,0.0053,0.0000,0,0,0.0000,0,0.0000,0,0,0,967,0
171,2.8901,10.4237,0.0038,0.0000,0,0,0.0000,0,0.0000,0,0,0,696,0
172,5.1405,5.7810,0.0036,0.0000,0,0,0.0000,0,0.0000,0,0,0,601,0
173,3.0309,5.5615,0.0012,0.0000,0,0,0.0000,0,0.0000,0,0,0,601,0
174,2.9124,10.2940,0.0034,0.0000,0,0,0.0000,0,0.0000,0,0,0,710,0
175,2.8901,10.2724,0.0038,0.0000,0,0,0.0000,0,0.0000,0,0,0,700,0
176,5.1405,5.8289,0.0027,0.0000,0,0,0.0000,0,0.0000,0,0,0,601,0
177,3.0309,5.5966,0.0011,0.0000,0,0,0.0000,0,0.0000,0,0,0,601,0
178,2.9124,10.3181,0.0010,0.0000,0,0,0.0000,0,0.0000,0,0,0,703,0
179,2.8901,10.3180,0.0008,0.0000,0,0,0.0000,0,0.0000,0,0,0,721,0
180,5.1405,6.0317,0.0025,0.0000,0,0,0.0000,0,0.0000,0,0,0,601,0
181,3.0309,5.7257,0.0012,0.0000,0,0,0.0000,0,0.0000,0,0,0,601,0
182,2.9124,10.5605,0.0013,0.0000,0,0,0.0000,0,0.0000,0,0,0,708,0
183,2.8901,10.5169,0.0011,0.0000,0,0,0.0000,0,0.0000,0,0,0,783,0
184,5.1405,5.8332,0.0023,0.0000,0,0,0.0000,0,0.0000,0,0,0,601,0
185,3.0309,5.6722,0.0011,0.0000,0,0,0.0000,0,0.0000,0,0,0,601,0
186,2.9124,10.4949,0.0015,0.0000,0,0,0.0000,0,0.0000,0,0,0,751,0
187,2.8901,10.4560,0.0012,0.0000,0,0,0.0000,0,0.0000,0,0,0,755,0
188,5.1405,5.8567,0.0023,0.0000,0,0,0.0000,0,0.0000,0,0,0,601,0
189,3.0309,5.6548,0.0013,0.0000,0,0,0.0000,0,0.0000,0,0,0,601,0
190,2.9124,10.4025,0.0012,0.0000,0,0,0.0000,0,0.0000,0,0,0,762,0
191,2.8901,10.3562,0.0009,0.0000,0,0,0.0000,0,0.0000,0,0,0,801,0
192,5.1405,5.8645,0.0027,0.0000,0,0,0.0000,0,0.0000,0,0,0,601,0
193,3.0309,5.5713,0.0007,0.0000,0,0,0.0000,0,0.0000,0,0,0,601,0
194,2.9124,10.2813,0.0010,0.0000,0,0,0.0000,0,0.0000,0,0,0,747,0
195,2.8901,10.2453,0.0011,0.0000,0,0,0.0000,0,0.0000,0,0,0,696,0
196,5.1405,5.7340,0.0025,0.0000,0,0,0.0000,0,0.0000,0,0,0,601,0
197,3.0309,5.5487,0.0014,0.0000,0,0,0.0000,0,0.0000,0,0,0,601,0
198,2.9124,10.2523,0.0013,0.0000,0,0,0.0000,0,0.0000,0,0,0,830,0
199,2.8901,10.2682,0.0010,0.0000,0,0,0.0000,0,0.0000,0,0,0,701,0
200,5.1405,5.6718,0.0034,0.0000,0,0,0.0000,0,0.0000,0,0,0,601,0
201,3.0309,5.5479,0.0010,0.0000,0,0,0.0000,0,0.0000,0,0,0,601,0
202,2.9124,10.1878,0.0010,0.0000,0,0,0.0000,0,0.0000,0,0,0,769,0
203,2.8901,10.2376,0.0008,0.0000,0,0,0.0000,0,0.0000,0,0,0,696,0
204,5.1405,5.9805,0.0012,0.0000,0,0,0.0000,0,0.0000,0,0,0,601,0
205,3.0309,5.6409,0.0015,0.0000,0,0,0.0000,0,0.0000,0,0,0,601,0
206,2.9124,10.5130,0.0010,0.0000,0,0,0.0000,0,0.0000,0,0,0,728,0
207,2.8901,10.3706,0.0012,0.0000,0,0,0.0000,0,0.0000,0,0,0,717,0
208,5.1405,5.8898,0.0013,0.0000,0,0,0.0000,0,0.0000,0,0,0,601,0
209,3.0309,5.6562,0.0017,0.0000,0,0,0.0000,0,0.0000,0,0,0,601,0
210,2.9124,10.3600,0.0013,0.0000,0,0,0.0000,0,0.0000,0,0,0,726,0
211,2.8901,10.2838,0.0009,0.0000,0,0,0.0000,0,0.0000,0,0,0,731,0
212,5.1405,5.8893,0.0015,0.0000,0,0,0.0000,0,0.0000,0,0,0,601,0
213,3.0309,5.6777,0.0019,0.0000,0,0,0.0000,0,0.0000,0,0,0,601,0
214,2.9124,10.3662,0.0018,0.0000,0,0,0.0000,0,0.0000,0,0,0,833,0
215,2.8901,10.3145,0.0015,0.0000,0,0,0.0000,0,0.0000,0,0,0,722,0
216,5.1405,6.0577,0.0109,0.0000,0,0,0.0000,0,0.0000,0,0,0,601,0
217,3.0309,5.6975,0.0022,0.0000,0,0,0.0000,0,0.0000,0,0,0,601,0
218,2.9124,10.4076,0.0013,0.0000,0,0,0.0000,0,0.0000,0,0,0,696,0
219,2.8901,10.3123,0.0018,0.0000,0,0,0.0000,0,0.0000,0,0,0,758,0
220,5.1405,6.3440,0.0057,0.0000,0,0,0.0000,0,0.0000,0,0,0,601,0
221,3.0309,5.8192,0.0016,0.0000,0,0,0.0000,0,0.0000,0,0,0,601,0
222,2.9124,10.7693,0.0053,0.0000,0,0,0.0000,0,0.0000,0,0,0,696,0
223,2.8901,10.6132,0.0053,0.0000,0,0,0.0000,0,0.0000,0,0,0,696,0
224,5.1405,7.6414,0.0100,0.0000,0,0,0.0000,0,0.0000,0,0,0,601,0
225,3.0309,5.7832,0.0017,0.0000,0,0,0.0000,0,0.0000,0,0,0,601,0
226,2.9124,10.2366,0.0062,0.0000,0,0,0.0000,0,0.0000,0,0,0,696,0
227,2.8901,10.2027,0.0025,0.0000,0,0,0.0000,0,0.0000,0,0,0,705,0
228,5.1405,6.7643,0.0106,0.0000,0,0,0.0000,0,0.0000,0,0,0,601,0
229,3.0309,6.0682,0.0032,0.0000,0,0,0.0000,0,0.0000,0,0,0,601,0
230,2.9124,10.0753,0.0054,0.0000,0,0,0.0000,0,0.0000,0,0,0,696,0
231,2.8901,10.1778,0.0028,0.0000,0,0,0.0000,0,0.0000,0,0,0,707,0
232,5.1405,6.6840,0.0092,0.0000,0,0,0.0000,0,0.0000,0,0,0,601,0
233,3.0309,5.6969,0.0016,0.0000,0,0,0.0000,0,0.0000,0,0,0,601,0
234,2.9124,10.6423,0.0051,0.0000,0,0,0.0000,0,0.0000,0,0,0,701,0
235,2.8901,10.6199,0.0016,0.0000,0,0,0.0000,0,0.0000,0,0,0,707,0
236,5.1405,6.7831,0.0077,0.0000,0,0,0.0000,0,0.0000,0,0,0,601,0
237,3.0309,6.2196,0.0031,0.0000,0,0,0.0000,0,0.0000,0,0,0,601,0
238,2.9124,10.4197,0.0027,0.0000,0,0,0.0000,0,0.0000,0,0,0,703,0
239,2.8901,10.3732,0.0013,0.0000,0,0,0.0000,0,0.0000,0,0,0,736,0
240,5.1405,6.7878,0.0105,0.0000,0,0,0.0000,0,0.0000,0,0,0,601,0
241,3.0309,6.1287,0.0014,0.0000,0,0,0.0000,0,0.0000,0,0,0,601,0
242,2.9124,10.4362,0.0055,0.0000,0,0,0.0000,0,0.0000,0,0,0,716,0
243,2.8901,10.4046,0.0023,0.0000,0,0,0.0000,0,0.0000,0,0,0,719,0
244,5.1405,6.1482,0.0030,0.0000,0,0,0.0000,0,0.0000,0,0,0,601,0
245,3.0309,5.7445,0.0018,0.0000,0,0,0.0000,0,0.0000,0,0,0,601,0
246,2.9124,10.2622,0.0029,0.0000,0,0,0.0000,0,0.0000,0,0,0,714,0
247,2.8901,10.1862,0.0023,0.0000,0,0,0.0000,0,0.0000,0,0,0,775,0
248,5.1405,6.2179,0.0062,0.0000,0,0,0.0000,0,0.0000,0,0,0,601,0
249,3.0309,5.7518,0.0017,0.0000,0,0,0.0000,0,0.0000,0,0,0,601,0
250,2.9124,11.1822,0.0067,0.0000,0,0,0.0000,0,0.0000,0,0,0,717,0
251,2.8901,11.1106,0.0012,0.0000,0,0,0.0000,0,0.0000,0,0,0,701,0
252,5.1405,6.5766,0.0092,0.0000,0,0,0.0000,0,0.0000,0,0,0,601,0
253,3.0309,5.8453,0.0031,0.0000,0,0,0.0000,0,0.0000,0,0,0,601,0
254,2.9124,10.3480,0.0027,0.0000,0,0,0.0000,0,0.0000,0,0,0,711,0
255,2.8901,10.3352,0.0023,0.0000,0,0,0.0000,0,0.0000,0,0,0,701,0
256,5.1405,6.8030,0.0083,0.0000,0,0,0.0000,0,0.0000,0,0,0,601,0
257,3.0309,5.9892,0.0031,0.0000,0,0,0.0000,0,0.0000,0,0,0,601,0
258,2.9124,10.1453,0.0163,0.0000,0,0,0.0000,0,0.0000,0,0,0,763,0
259,2.8901,9.9929,0.0018,0.0000,0,0,0.0000,0,0.0000,0,0,0,701,0
260,5.1405,6.5076,0.0064,0.0000,0,0,0.0000,0,0.0000,0,0,0,601,0
261,3.0309,5.9550,0.0023,0.0000,0,0,0.0000,0,0.0000,0,0,0,601,0
262,2.9124,10.1399,0.0046,0.0000,0,0,0.0000,0,0.0000,0,0,0,696,0
263,2.8901,9.8138,0.0016,0.0000,0,0,0.0000,0,0.0000,0,0,0,715,0
264,5.1405,6.4348,0.0033,0.0000,0,0,0.0000,0,0.0000,0,0,0,601,0
265,3.0309,5.8796,0.0018,0.0000,0,0,0.0000,0,0.0000,0,0,0,601,0
266,2.9124,9.4210,0.0024,0.0000,0,0,0.0000,0,0.0000,0,0,0,696,0
267,2.8901,9.7068,0.0018,0.0000,0,0,0.0000,0,0.0000,0,0,0,726,0
268,5.1405,6.3607,0.0028,0.0000,0,0,0.0000,0,0.0000,0,0,0,601,0
269,3.0309,5.7553,0.0035,0.0000,0,0,0.0000,0,0.0000,0,0,0,601,0
270,2.9124,9.9863,0.0019,0.0000,0,0,0.0000,0,0.0000,0,0,0,696,0
271,2.8901,9.8663,0.0020,0.0000,0,0,0.0000,0,0.0000,0,0,0,714,0
272,5.1405,6.3301,0.0025,0.0000,0,0,0.0000,0,0.0000,0,0,0,601,0
273,3.0309,5.7382,0.0017,0.0000,0,0,0.0000,0,0.0000,0,0,0,601,0
274,2.9124,9.8782,0.0073,0.0000,0,0,0.0000,0,0.0000,0,0,0,696,0
275,2.8901,10.1655,0.0014,0.0000,0,0,0.0000,0,0.0000,0,0,0,789,0
276,5.1405,6.1020,0.0041,0.0000,0,0,0.0000,0,0.0000,0,0,0,601,0
277,3.0309,5.7058,0.0028,0.0000,0,0,0.0000,0,0.0000,0,0,0,601,0
278,2.9124,10.2480,0.0018,0.0000,0,0,0.0000,0,0.0000,0,0,0,717,0
279,2.8901,10.1423,0.0018,0.0000,0,0,0.0000,0,0.0000,0,0,0,703,0
280,5.1405,6.0700,0.0043,0.0000,0,0,0.0000,0,0.0000,0,0,0,601,0
281,3.0309,5.7274,0.0026,0.0000,0,0,0.0000,0,0.0000,0,0,0,601,0
282,2.9124,10.3659,0.0088,0.0000,0,0,0.0000,0,0.0000,0,0,0,716,0
283,2.8901,10.1449,0.0071,0.0000,0,0,0.0000,0,0.0000,0,0,0,705,0
284,5.1405,6.2255,0.0135,0.0000,0,0,0.0000,0,0.0000,0,0,0,601,0
285,3.0309,5.7108,0.0135,0.0000,0,0,0.0000,0,0.0000,0,0,0,601,0
286,2.9124,10.1865,0.0031,0.0000,0,0,0.0000,0,0.0000,0,0,0,745,0
287,2.8901,10.1372,0.0016,0.0000,0,0,0.0000,0,0.0000,0,0,0,700,0
288,5.1405,6.4284,0.0045,0.0000,0,0,0.0000,0,0.0000,0,0,0,601,0
289,3.0309,5.8311,0.0017,0.0000,0,0,0.0000,0,0.0000,0,0,0,601,0
290,2.9124,9.9398,0.0071,0.0000,0,0,0.0000,0,0.0000,0,0,0,737,0
291,2.8901,9.8910,0.0015,0.0000,0,0,0.0000,0,0.0000,0,0,0,706,0
292,5.1405,6.2831,0.0025,0.0000,0,0,0.0000,0,0.0000,0,0,0,601,0
293,3.0309,5.6665,0.0018,0.0000,0,0,0.0000,0,0.0000,0,0,0,601,0
294,2.9124,10.1342,0.0022,0.0000,0,0,0.0000,0,0.0000,0,0,0,718,0
295,2.8901,10.2006,0.0017,0.0000,0,0,0.0000,0,0.0000,0,0,0,723,0
296,5.1405,7.7730,0.0080,0.0000,0,0,0.0000,0,0.0000,0,0,0,601,0
297,3.0309,7.2553,0.0015,0.0000,0,0,0.0000,0,0.0000,0,0,0,601,0
298,2.9124,10.1162,0.0031,0.0000,0,0,0.0000,0,0.0000,0,0,0,719,0
299,2.8901,10.1404,0.0013,0.0000,0,0,0.0000,0,0.0000,0,0,0,714,0
300,5.1405,6.6338,0.0054,0.0000,0,0,0.0000,0,0.0000,0,0,0,601,0
301,3.0309,5.7947,0.0020,0.0000,0,0,0.0000,0,0.0000,0,0,0,601,0
302,2.9124,10.3972,0.0055,0.0000,0,0,0.0000,0,0.0000,0,0,0,747,0
303,2.8901,10.2433,0.0008,0.0000,0,0,0.0000,0,0.0000,0,0,0,769,0
304,5.1405,5.9322,0.0031,0.0000,0,0,0.0000,0,0.0000,0,0,0,601,0
305,3.0309,5.6575,0.0015,0.0000,0,0,0.0000,0,0.0000,0,0,0,601,0
306,2.9124,10.3927,0.0027,0.0000,0,0,0.0000,0,0.0000,0,0,0,696,0
307,2.8901,10.3190,0.0017,0.0000,0,0,0.0000,0,0.0000,0,0,0,704,0
308,5.1405,6.7490,0.0039,0.0000,0,0,0.0000,0,0.0000,0,0,0,601,0
309,3.0309,5.9646,0.0017,0.0000,0,0,0.0000,0,0.0000,0,0,0,601,0
310,2.9124,10.6604,0.0046,0.0000,0,0,0.0000,0,0.0000,0,0,0,696,0
311,2.8901,10.3937,0.0045,0.0000,0,0,0.0000,0,0.0000,0,0,0,707,0
312,5.1405,6.8758,0.0050,0.0000,0,0,0.0000,0,0.0000,0,0,0,601,0
313,3.0309,5.9267,0.0020,0.0000,0,0,0.0000,0,0.0000,0,0,0,601,0
314,2.9124,9.6268,0.0045,0.0000,0,0,0.0000,0,0.0000,0,0,0,696,0
315,2.8901,10.0378,0.0023,0.0000,0,0,0.0000,0,0.0000,0,0,0,714,0
316,5.1405,5.9840,0.0032,0.0000,0,0,0.0000,0,0.0000,0,0,0,601,0
317,3.0309,5.6135,0.0013,0.0000,0,0,0.0000,0,0.0000,0,0,0,601,0
318,2.9124,10.6964,0.0050,0.0000,0,0,0.0000,0,0.0000,0,0,0,696,0
319,2.8901,10.6843,0.0012,0.0000,0,0,0.0000,0,0.0000,0,0,0,709,0
320,5.1405,5.8457,0.0024,0.0000,0,0,0.0000,0,0.0000,0,0,0,601,0
321,3.0309,5.6039,0.0013,0.0000,0,0,0.0000,0,0.0000,0,0,0,601,0
322,2.9124,10.4135,0.0014,0.0000,0,0,0.0000,0,0.0000,0,0,0,696,0
323,2.8901,10.3765,0.0013,0.0000,0,0,0.0000,0,0.0000,0,0,0,732,0
324,5.1405,5.7698,0.0050,0.0000,0,0,0.0000,0,0.0000,0,0,0,601,0
325,3.0309,5.9784,0.0018,0.0000,0,0,0.0000,0,0.0000,0,0,0,601,0
326,2.9124,9.8184,0.6828,0.0000,0,0,0.0000,0,0.0000,0,0,0,696,0
327,2.8901,10.4414,0.0027,0.0000,0,0,0.0000,0,0.0000,0,0,0,719,0
328,5.1405,6.3955,0.0051,0.0000,0,0,0.0000,0,0.0000,0,0,0,601,0
329,3.0309,5.9102,0.0015,0.0000,0,0,0.0000,0,0.0000,0,0,0,601,0
330,2.9124,10.1774,0.0043,0.0000,0,0,0.0000,0,0.0000,0,0,0,708,0
331,2.8901,10.1531,0.0014,0.0000,0,0,0.0000,0,0.0000,0,0,0,751,0
332,5.1405,6.5452,0.0025,0.0000,0,0,0.0000,0,0.0000,0,0,0,601,0
333,3.0309,5.9290,0.0024,0.0000,0,0,0.0000,0,0.0000,0,0,0,601,0
334,2.9124,10.2809,0.0054,0.0000,0,0,0.0000,0,0.0000,0,0,0,708,0
335,2.8901,10.1702,0.0017,0.0000,0,0,0.0000,0,0.0000,0,0,0,696,0
336,5.1405,6.4014,0.0057,0.0000,0,0,0.0000,0,0.0000,0,0,0,601,0
337,3.0309,5.9470,0.0012,0.0000,0,0,0.0000,0,0.0000,0,0,0,601,0
338,2.9124,10.4415,0.0044,0.0000,0,0,0.0000,0,0.0000,0,0,0,706,0
339,2.8901,10.3613,0.0015,0.0000,0,0,0.0000,0,0.0000,0,0,0,701,0
340,5.1405,7.5145,0.0053,0.0000,0,0,0.0000,0,0.0000,0,0,0,601,0
341,3.0309,6.8775,0.0016,0.0000,0,0,0.0000,0,0.0000,0,0,0,601,0
342,2.9124,10.2000,0.0033,0.0000,0,0,0.0000,0,0.0000,0,0,0,707,0
343,2.8901,10.1706,0.0022,0.0000,0,0,0.0000,0,0.0000,0,0,0,703,0
344,5.1405,7.8628,0.0015,0.0000,0,0,0.0000,0,0.0000,0,0,0,601,0
345,3.0309,7.0517,0.0018,0.0000,0,0,0.0000,0,0.0000,0,0,0,601,0
346,2.9124,10.1438,0.0028,0.0000,0,0,0.0000,0,0.0000,0,0,0,723,0
347,2.8901,10.1405,0.0013,0.0000,0,0,0.0000,0,0.0000,0,0,0,707,0
348,5.1405,5.8961,0.0037,0.0000,0,0,0.0000,0,0.0000,0,0,0,601,0
349,3.0309,5.6583,0.0019,0.0000,0,0,0.0000,0,0.0000,0,0,0,601,0
350,2.9124,10.1878,0.0024,0.0000,0,0,0.0000,0,0.0000,0,0,0,696,0
351,2.8901,10.1961,0.0018,0.0000,0,0,0.0000,0,0.0000,0,0,0,708,0
352,5.1405,6.3697,0.0024,0.0000,0,0,0.0000,0,0.0000,0,0,0,601,0
353,3.0309,5.7012,0.0018,0.0000,0,0,0.0000,0,0.0000,0,0,0,601,0
354,2.9124,10.2088,0.0022,0.0000,0,0,0.0000,0,0.0000,0,0,0,696,0
355,2.8901,10.1657,0.0015,0.0000,0,0,0.0000,0,0.0000,0,0,0,712,0
356,5.1405,7.0518,0.0026,0.0000,0,0,0.0000,0,0.0000,0,0,0,601,0
357,3.0309,6.0468,0.0053,0.0000,0,0,0.0000,0,0.0000,0,0,0,601,0
358,2.9124,10.1850,0.0087,0.0000,0,0,0.0000,0,0.0000,0,0,0,696,0
359,2.8901,10.0875,0.0017,0.0000,0,0,0.0000,0,0.0000,0,0,0,754,0
360,5.1405,6.0491,0.0048,0.0000,0,0,0.0000,0,0.0000,0,0,0,601,0
361,3.0309,5.7536,0.0018,0.0000,0,0,0.0000,0,0.0000,0,0,0,601,0
362,2.9124,9.9486,0.0021,0.0000,0,0,0.0000,0,0.0000,0,0,0,696,0
363,2.8901,10.1419,0.0021,0.0000,0,0,0.0000,0,0.0000,0,0,0,696,0
364,5.1405,6.0687,0.0040,0.0000,0,0,0.0000,0,0.0000,0,0,0,601,0
365,3.0309,5.6882,0.0017,0.0000,0,0,0.0000,0,0.0000,0,0,0,601,0
366,2.9124,10.2280,0.0020,0.0000,0,0,0.0000,0,0.0000,0,0,0,701,0
367,2.8901,10.1570,0.0014,0.0000,0,0,0.0000,0,0.0000,0,0,0,706,0
368,5.1405,6.0235,0.0037,0.0000,0,0,0.0000,0,0.0000,0,0,0,601,0
369,3.0309,5.6591,0.0023,0.0000,0,0,0.0000,0,0.0000,0,0,0,601,0
370,2.9124,10.2207,0.0022,0.0000,0,0,0.0000,0,0.0000,0,0,0,696,0
371,2.8901,10.1455,0.0020,0.0000,0,0,0.0000,0,0.0000,0,0,0,700,0
372,5.1405,5.9820,0.0049,0.0000,0,0,0.0000,0,0.0000,0,0,0,601,0
373,3.0309,5.6471,0.0013,0.0000,0,0,0.0000,0,0.0000,0,0,0,601,0
374,2.9124,12.8010,0.0060,0.0000,0,0,0.0000,0,0.0000,0,0,0,707,0
375,2.8901,12.7230,0.0024,0.0000,0,0,0.0000,0,0.0000,0,0,0,704,0
376,5.1405,6.6557,0.0059,0.0000,0,0,0.0000,0,0.0000,0,0,0,601,0
377,3.0309,6.1817,0.0011,0.0000,0,0,0.0000,0,0.0000,0,0,0,601,0
378,2.9124,10.4637,0.0031,0.0000,0,0,0.0000,0,0.0000,0,0,0,701,0
379,2.8901,10.3757,0.0017,0.0000,0,0,0.0000,0,0.0000,0,0,0,715,0
380,5.1405,6.4728,0.0042,0.0000,0,0,0.0000,0,0.0000,0,0,0,601,0
381,3.0309,5.7385,0.0017,0.0000,0,0,0.0000,0,0.0000,0,0,0,601,0
382,2.9124,10.5783,0.0045,0.0000,0,0,0.0000,0,0.0000,0,0,0,702,0
383,2.8901,10.5321,0.0017,0.0000,0,0,0.0000,0,0.0000,0,0,0,700,0
384,5.1405,6.4305,0.0057,0.0000,0,0,0.0000,0,0.0000,0,0,0,601,0
385,3.0309,5.7073,0.0016,0.0000,0,0,0.0000,0,0.0000,0,0,0,601,0
386,2.9124,10.5267,0.0043,0.0000,0,0,0.0000,0,0.0000,0,0,0,711,0
387,2.8901,10.5590,0.0017,0.0000,0,0,0.0000,0,0.0000,0,0,0,764,0
388,5.1405,6.3761,0.0057,0.0000,0,0,0.0000,0,0.0000,0,0,0,601,0
389,3.0309,5.8791,0.0014,0.0000,0,0,0.0000,0,0.0000,0,0,0,601,0
390,2.9124,10.4460,0.0047,0.0000,0,0,0.0000,0,0.0000,0,0,0,722,0
391,2.8901,10.3804,0.0014,0.0000,0,0,0.0000,0,0.0000,0,0,0,696,0
392,5.1405,6.4103,0.0051,0.0000,0,0,0.0000,0,0.0000,0,0,0,601,0
393,3.0309,5.6825,0.0015,0.0000,0,0,0.0000,0,0.0000,0,0,0,601,0
394,2.9124,10.4708,0.0042,0.0000,0,0,0.0000,0,0.0000,0,0,0,696,0
395,2.8901,10.4439,0.0018,0.0000,0,0,0.0000,0,0.0000,0,0,0,696,0
396,5.1405,6.4702,0.0046,0.0000,0,0,0.0000,0,0.0000,0,0,0,601,0
397,3.0309,5.9046,0.0015,0.0000,0,0,0.0000,0,0.0000,0,0,0,601,0
398,2.9124,10.4042,0.0059,0.0000,0,0,0.0000,0,0.0000,0,0,0,696,0
399,2.8901,10.3842,0.0014,0.0000,0,0,0.0000,0,0.0000,0,0,0,696,0
400,5.1405,6.4503,0.0043,0.0000,0,0,0.0000,0,0.0000,0,0,0,601,0
401,3.0309,5.7301,0.0043,0.0000,0,0,0.0000,0,0.0000,0,0,0,601,0
402,2.9124,10.4708,0.0047,0.0000,0,0,0.0000,0,0.0000,0,0,0,696,0
403,2.8901,10.4266,0.0016,0.0000,0,0,0.0000,0,0.0000,0,0,0,700,0
404,5.1405,6.4357,0.0077,0.0000,0,0,0.0000,0,0.0000,0,0,0,601,0
405,3.0309,5.7841,0.0028,0.0000,0,0,0.0000,0,0.0000,0,0,0,601,0
406,2.9124,10.7447,0.0042,0.0000,0,0,0.0000,0,0.0000,0,0,0,705,0
407,2.8901,10.6512,0.0014,0.0000,0,0,0.0000,0,0.0000,0,0,0,702,0
408,5.1405,6.5430,0.0074,0.0000,0,0,0.0000,0,0.0000,0,0,0,601,0
409,3.0309,5.7460,0.0028,0.0000,0,0,0.0000,0,0.0000,0,0,0,601,0
410,2.9124,10.9540,0.0048,0.0000,0,0,0.0000,0,0.0000,0,0,0,708,0
411,2.8901,10.9097,0.0011,0.0000,0,0,0.0000,0,0.0000,0,0,0,706,0
412,5.1405,6.5236,0.0062,0.0000,0,0,0.0000,0,0.0000,0,0,0,601,0
413,3.0309,5.7677,0.0031,0.0000,0,0,0.0000,0,0.0000,0,0,0,601,0
414,2.9124,11.3186,0.0042,0.0000,0,0,0.0000,0,0.0000,0,0,0,707,0
415,2.8901,11.2446,0.0011,0.0000,0,0,0.0000,0,0.0000,0,0,0,721,0
416,5.1405,6.9831,0.0067,0.0000,0,0,0.0000,0,0.0000,0,0,0,601,0
417,3.0309,6.0431,0.0022,0.0000,0,0,0.0000,0,0.0000,0,0,0,601,0
418,2.9124,10.8289,0.0050,0.0000,0,0,0.0000,0,0.0000,0,0,0,708,0
419,2.8901,10.5961,0.0031,0.0000,0,0,0.0000,0,0.0000,0,0,0,696,0
420,5.1405,6.4825,0.0050,0.0000,0,0,0.0000,0,0.0000,0,0,0,601,0
421,3.0309,5.8363,0.0023,0.0000,0,0,0.0000,0,0.0000,0,0,0,601,0
422,2.9124,9.8540,0.0026,0.0000,0,0,0.0000,0,0.0000,0,0,0,706,0
423,2.8901,10.0638,0.0027,0.0000,0,0,0.0000,0,0.0000,0,0,0,696,0
424,5.1405,6.1895,0.0051,0.0000,0,0,0.0000,0,0.0000,0,0,0,601,0
425,3.0309,5.7135,0.0018,0.0000,0,0,0.0000,0,0.0000,0,0,0,601,0
426,2.9124,10.3269,0.0064,0.0000,0,0,0.0000,0,0.0000,0,0,0,711,0
427,2.8901,10.2789,0.0023,0.0000,0,0,0.0000,0,0.0000,0,0,0,696,0
428,5.1405,6.5349,0.0051,0.0000,0,0,0.0000,0,0.0000,0,0,0,601,0
429,3.0309,5.8098,0.0021,0.0000,0,0,0.0000,0,0.0000,0,0,0,601,0
430,2.9124,9.8160,0.0030,0.0000,0,0,0.0000,0,0.0000,0,0,0,706,0
431,2.8901,9.8606,0.0030,0.0000,0,0,0.0000,0,0.0000,0,0,0,702,0
432,5.1405,6.4171,0.0050,0.0000,0,0,0.0000,0,0.0000,0,0,0,601,0
433,3.0309,5.8008,0.0034,0.0000,0,0,0.0000,0,0.0000,0,0,0,601,0
434,2.9124,11.9948,0.0031,0.0000,0,0,0.0000,0,0.0000,0,0,0,748,0
435,2.8901,11.6096,0.0031,0.0000,0,0,0.0000,0,0.0000,0,0,0,702,0
436,5.1405,6.9075,0.0020,0.0000,0,0,0.0000,0,0.0000,0,0,0,601,0
437,3.0309,5.8905,0.0021,0.0000,0,0,0.0000,0,0.0000,0,0,0,601,0
438,2.9124,9.5416,0.0028,0.0000,0,0,0.0000,0,0.0000,0,0,0,696,0
439,2.8901,9.8610,0.0027,0.0000,0,0,0.0000,0,0.0000,0,0,0,702,0
440,5.1405,6.0148,0.0058,0.0000,0,0,0.0000,0,0.0000,0,0,0,601,0
441,3.0309,5.7123,0.0022,0.0000,0,0,0.0000,0,0.0000,0,0,0,601,0
442,2.9124,10.1847,0.0018,0.0000,0,0,0.0000,0,0.0000,0,0,0,696,0
443,2.8901,10.1878,0.0017,0.0000,0,0,0.0000,0,0.0000,0,0,0,742,0
444,5.1405,5.9745,0.0038,0.0000,0,0,0.0000,0,0.0000,0,0,0,601,0
445,3.0309,5.6007,0.0160,0.0000,0,0,0.0000,0,0.0000,0,0,0,601,0
446,2.9124,10.2243,0.0017,0.0000,0,0,0.0000,0,0.0000,0,0,0,696,0
447,2.8901,10.2169,0.0014,0.0000,0,0,0.0000,0,0.0000,0,0,0,696,0
448,5.1405,5.9207,0.0026,0.0000,0,0,0.0000,0,0.0000,0,0,0,601,0
449,3.0309,5.6803,0.0013,0.0000,0,0,0.0000,0,0.0000,0,0,0,601,0
450,2.9124,10.0852,0.0017,0.0000,0,0,0.0000,0,0.0000,0,0,0,696,0
451,2.8901,10.1863,0.0022,0.0000,0,0,0.0000,0,0.0000,0,0,0,696,0
452,5.1405,5.9232,0.0032,0.0000,0,0,0.0000,0,0.0000,0,0,0,601,0
453,3.0309,5.6499,0.0020,0.0000,0,0,0.0000,0,0.0000,0,0,0,601,0
454,2.9124,10.1823,0.0014,0.0000,0,0,0.0000,0,0.0000,0,0,0,702,0
455,2.8901,10.1862,0.0013,0.0000,0,0,0.0000,0,0.0000,0,0,0,696,0
456,5.1405,5.9827,0.0037,0.0000,0,0,0.0000,0,0.0000,0,0,0,601,0
457,3.0309,5.6986,0.0015,0.0000,0,0,0.0000,0,0.0000,0,0,0,601,0
458,2.9124,10.1770,0.0018,0.0000,0,0,0.0000,0,0.0000,0,0,0,701,0
459,2.8901,10.1889,0.0015,0.0000,0,0,0.0000,0,0.0000,0,0,0,696,0
460,5.1405,10.6622,0.0023,0.0000,0,0,0.0000,0,0.0000,0,0,0,601,0
461,3.0309,10.2995,0.0011,0.0000,0,0,0.0000,0,0.0000,0,0,0,601,0
462,2.9124,10.2221,0.0015,0.0000,0,0,0.0000,0,0.0000,0,0,0,704,0
463,2.8901,10.2153,0.0016,0.0000,0,0,0.0000,0,0.0000,0,0,0,701,0
464,5.1405,6.1051,0.0040,0.0000,0,0,0.0000,0,0.0000,0,0,0,601,0
465,3.0309,5.6913,0.0021,0.0000,0,0,0.0000,0,0.0000,0,0,0,601,0
466,2.9124,10.4478,0.0030,0.0000,0,0,0.0000,0,0.0000,0,0,0,701,0
467,2.8901,10.3169,0.0019,0.0000,0,0,0.0000,0,0.0000,0,0,0,700,0
468,5.1405,6.0078,0.0037,0.0000,0,0,0.0000,0,0.0000,0,0,0,601,0
469,3.0309,5.7437,0.0016,0.0000,0,0,0.0000,0,0.0000,0,0,0,601,0
470,2.9124,10.1680,0.0029,0.0000,0,0,0.0000,0,0.0000,0,0,0,701,0
471,2.8901,10.1582,0.0021,0.0000,0,0,0.0000,0,0.0000,0,0,0,720,0
472,5.1405,5.9358,0.0033,0.0000,0,0,0.0000,0,0.0000,0,0,0,601,0
473,3.0309,5.6855,0.0016,0.0000,0,0,0.0000,0,0.0000,0,0,0,601,0
474,2.9124,10.0789,0.0018,0.0000,0,0,0.0000,0,0.0000,0,0,0,702,0
475,2.8901,10.1634,0.0016,0.0000,0,0,0.0000,0,0.0000,0,0,0,696,0
476,5.1405,9.8975,0.0041,0.0000,0,0,0.0000,0,0.0000,0,0,0,601,0
477,3.0309,7.5378,0.0021,0.0000,0,0,0.0000,0,0.0000,0,0,0,601,0
478,2.9124,10.2701,0.0020,0.0000,0,0,0.0000,0,0.0000,0,0,0,712,0
479,2.8901,10.2223,0.0013,0.0000,0,0,0.0000,0,0.0000,0,0,0,696,0
480,5.1405,5.7720,0.0039,0.0000,0,0,0.0000,0,0.0000,0,0,0,601,0
481,3.0309,5.5020,0.0006,0.0000,0,0,0.0000,0,0.0000,0,0,0,601,0
482,2.9124,10.2288,0.0013,0.0000,0,0,0.0000,0,0.0000,0,0,0,696,0
483,2.8901,10.2029,0.0010,0.0000,0,0,0.0000,0,0.0000,0,0,0,696,0
484,5.1405,5.9168,0.0041,0.0000,0,0,0.0000,0,0.0000,0,0,0,601,0
485,3.0309,5.5518,0.0042,0.0000,0,0,0.0000,0,0.0000,0,0,0,601,0
486,2.9124,10.3127,0.0015,0.0000,0,0,0.0000,0,0.0000,0,0,0,696,0
487,2.8901,10.2613,0.0013,0.0000,0,0,0.0000,0,0.0000,0,0,0,696,0
488,5.1405,5.9416,0.0039,0.0000,0,0,0.0000,0,0.0000,0,0,0,601,0
489,3.0309,5.7147,0.0018,0.0000,0,0,0.0000,0,0.0000,0,0,0,601,0
490,2.9124,10.1092,0.0022,0.0000,0,0,0.0000,0,0.0000,0,0,0,696,0
491,2.8901,10.1544,0.0023,0.0000,0,0,0.0000,0,0.0000,0,0,0,705,0
492,5.1405,6.0738,0.0036,0.0000,0,0,0.0000,0,0.0000,0,0,0,601,0
493,3.0309,5.6848,0.0022,0.0000,0,0,0.0000,0,0.0000,0,0,0,601,0
494,2.9124,10.1622,0.0019,0.0000,0,0,0.0000,0,0.0000,0,0,0,696,0
495,2.8901,10.1980,0.0021,0.0000,0,0,0.0000,0,0.0000,0,0,0,704,0
496,5.1405,6.1044,0.0042,0.0000,0,0,0.0000,0,0.0000,0,0,0,601,0
497,3.0309,5.6681,0.0013,0.0000,0,0,0.0000,0,0.0000,0,0,0,601,0
498,2.9124,10.1724,0.0022,0.0000,0,0,0.0000,0,0.0000,0,0,0,706,0
499,2.8901,10.1748,0.0017,0.0000,0,0,0.0000,0,0.0000,0,0,0,711,0
500,5.1405,5.9920,0.0040,0.0000,0,0,0.0000,0,0.0000,0,0,0,601,0
501,3.0309,5.7224,0.0027,0.0000,0,0,0.0000,0,0.0000,0,0,0,601,0
502,2.9124,10.2753,0.0020,0.0000,0,0,0.0000,0,0.0000,0,0,0,702,0
503,2.8901,10.2228,0.0023,0.0000,0,0,0.0000,0,0.0000,0,0,0,696,0
504,5.1405,6.4004,0.0035,0.0000,0,0,0.0000,0,0.0000,0,0,0,601,0
505,3.0309,5.8993,0.0018,0.0000,0,0,0.0000,0,0.0000,0,0,0,601,0
506,2.9124,10.1097,0.0022,0.0000,0,0,0.0000,0,0.0000,0,0,0,702,0
507,2.8901,10.1204,0.0016,0.0000,0,0,0.0000,0,0.0000,0,0,0,696,0
508,5.1405,6.2263,0.0052,0.0000,0,0,0.0000,0,0.0000,0,0,0,601,0
509,3.0309,5.9232,0.0011,0.0000,0,0,0.0000,0,0.0000,0,0,0,601,0
510,2.9124,10.6829,0.0047,0.0000,0,0,0.0000,0,0.0000,0,0,0,696,0
511,2.8901,10.5960,0.0011,0.0000,0,0,0.0000,0,0.0000,0,0,0,696,0
512,5.1405,6.3582,0.0047,0.0000,0,0,0.0000,0,0.0000,0,0,0,601,0
513,3.0309,5.7948,0.0067,0.0000,0,0,0.0000,0,0.0000,0,0,0,601,0
514,2.9124,10.5707,0.0062,0.0000,0,0,0.0000,0,0.0000,0,0,0,696,0
515,2.8901,10.5191,0.0015,0.0000,0,0,0.0000,0,0.0000,0,0,0,696,0
516,5.1405,6.1463,0.0022,0.0000,0,0,0.0000,0,0.0000,0,0,0,601,0
517,3.0309,5.9131,0.0015,0.0000,0,0,0.0000,0,0.0000,0,0,0,601,0
518,2.9124,9.3053,0.0058,0.0000,0,0,0.0000,0,0.0000,0,0,0,696,0
519,2.8901,10.1862,0.0044,0.0000,0,0,0.0000,0,0.0000,0,0,0,701,0
520,5.1405,6.4820,0.0070,0.0000,0,0,0.0000,0,0.0000,0,0,0,601,0
521,3.0309,5.8545,0.0071,0.0000,0,0,0.0000,0,0.0000,0,0,0,601,0
522,2.9124,10.5687,0.0021,0.0000,0,0,0.0000,0,0.0000,0,0,0,709,0
523,2.8901,10.3347,0.0016,0.0000,0,0,0.0000,0,0.0000,0,0,0,696,0
524,5.1405,6.1657,0.0017,0.0000,0,0,0.0000,0,0.0000,0,0,0,601,0
525,3.0309,5.7198,0.0037,0.0000,0,0,0.0000,0,0.0000,0,0,0,601,0
526,2.9124,10.7127,0.0023,0.0000,0,0,0.0000,0,0.0000,0,0,0,696,0
527,2.8901,10.5268,0.0018,0.0000,0,0,0.0000,0,0.0000,0,0,0,707,0
528,5.1405,6.0405,0.0030,0.0000,0,0,0.0000,0,0.0000,0,0,0,601,0
529,3.0309,5.6391,0.0018,0.0000,0,0,0.0000,0,0.0000,0,0,0,601,0
530,2.9124,10.2596,0.0015,0.0000,0,0,0.0000,0,0.0000,0,0,0,696,0
531,2.8901,10.2226,0.0010,0.0000,0,0,0.0000,0,0.0000,0,0,0,698,0
532,5.1405,5.9081,0.0028,0.0000,0,0,0.0000,0,0.0000,0,0,0,601,0
533,3.0309,5.6418,0.0019,0.0000,0,0,0.0000,0,0.0000,0,0,0,601,0
534,2.9124,10.3437,0.0021,0.0000,0,0,0.0000,0,0.0000,0,0,0,696,0
535,2.8901,10.1985,0.0020,0.0000,0,0,0.0000,0,0.0000,0,0,0,696,0
536,5.1405,5.9870,0.0034,0.0000,0,0,0.0000,0,0.0000,0,0,0,601,0
537,3.0309,5.6740,0.0020,0.0000,0,0,0.0000,0,0.0000,0,0,0,601,0
538,2.9124,10.1465,0.0017,0.0000,0,0,0.0000,0,0.0000,0,0,0,696,0
539,2.8901,10.2429,0.0015,0.0000,0,0,0.0000,0,0.0000,0,0,0,696,0
540,5.1405,5.9775,0.0041,0.0000,0,0,0.0000,0,0.0000,0,0,0,601,0
541,3.0309,5.6422,0.0013,0.0000,0,0,0.0000,0,0.0000,0,0,0,601,0
542,2.9124,10.1959,0.0014,0.0000,0,0,0.0000,0,0.0000,0,0,0,696,0
543,2.8901,10.1694,0.0014,0.0000,0,0,0.0000,0,0.0000,0,0,0,696,0
544,5.1405,5.9136,0.0032,0.0000,0,0,0.0000,0,0.0000,0,0,0,601,0
545,3.0309,5.6409,0.0018,0.0000,0,0,0.0000,0,0.0000,0,0,0,601,0
546,2.9124,10.1972,0.0018,0.0000,0,0,0.0000,0,0.0000,0,0,0,696,0
547,2.8901,10.2024,0.0016,0.0000,0,0,0.0000,0,0.0000,0,0,0,696,0
548,5.1405,5.9535,0.0039,0.0000,0,0,0.0000,0,0.0000,0,0,0,601,0
549,3.0309,5.6803,0.0023,0.0000,0,0,0.0000,0,0.0000,0,0,0,601,0
550,2.9124,10.2554,0.0022,0.0000,0,0,0.0000,0,0.0000,0,0,0,696,0
551,2.8901,10.1760,0.0020,0.0000,0,0,0.0000,0,0.0000,0,0,0,696,0
552,5.1405,6.0980,0.0054,0.0000,0,0,0.0000,0,0.0000,0,0,0,601,0
553,3.0309,5.9102,0.0048,0.0000,0,0,0.0000,0,0.0000,0,0,0,601,0
554,2.9124,10.1655,0.0032,0.0000,0,0,0.0000,0,0.0000,0,0,0,696,0
555,2.8901,9.9731,0.0033,0.0000,0,0,0.0000,0,0.0000,0,0,0,706,0
556,5.1405,5.9797,0.0041,0.0000,0,0,0.0000,0,0.0000,0,0,0,601,0
557,3.0309,5.7028,0.0015,0.0000,0,0,0.0000,0,0.0000,0,0,0,601,0
558,2.9124,10.3530,0.0033,0.0000,0,0,0.0000,0,0.0000,0,0,0,696,0
559,2.8901,10.2299,0.0121,0.0000,0,0,0.0000,0,0.0000,0,0,0,696,0
560,5.1405,5.9990,0.0034,0.0000,0,0,0.0000,0,0.0000,0,0,0,601,0
561,3.0309,5.6392,0.0033,0.0000,0,0,0.0000,0,0.0000,0,0,0,601,0
562,2.9124,10.4960,0.0032,0.0000,0,0,0.0000,0,0.0000,0,0,0,696,0
563,2.8901,10.4115,0.0011,0.0000,0,0,0.0000,0,0.0000,0,0,0,696,0
564,5.1405,5.7010,0.0042,0.0000,0,0,0.0000,0,0.0000,0,0,0,601,0
565,3.0309,5.4432,0.0009,0.0000,0,0,0.0000,0,0.0000,0,0,0,601,0
566,2.9124,10.3689,0.0028,0.0000,0,0,0.0000,0,0.0000,0,0,0,701,0
567,2.8901,10.3497,0.0007,0.0000,0,0,0.0000,0,0.0000,0,0,0,696,0
568,5.1405,6.3813,0.0075,0.0000,0,0,0.0000,0,0.0000,0,0,0,601,0
569,3.0309,5.8340,0.0075,0.0000,0,0,0.0000,0,0.0000,0,0,0,601,0
570,2.9124,10.4552,0.0033,0.0000,0,0,0.0000,0,0.0000,0,0,0,696,0
571,2.8901,10.4692,0.0023,0.0000,0,0,0.0000,0,0.0000,0,0,0,696,0
572,5.1405,6.2453,0.0042,0.0000,0,0,0.0000,0,0.0000,0,0,0,601,0
573,3.0309,5.9193,0.0020,0.0000,0,0,0.0000,0,0.0000,0,0,0,601,0
574,2.9124,10.2390,0.0027,0.0000,0,0,0.0000,0,0.0000,0,0,0,696,0
575,2.8901,10.2267,0.0028,0.0000,0,0,0.0000,0,0.0000,0,0,0,696,0
576,5.1405,6.3758,0.0061,0.0000,0,0,0.0000,0,0.0000,0,0,0,601,0
577,3.0309,5.9560,0.0023,0.0000,0,0,0.0000,0,0.0000,0,0,0,601,0
578,2.9124,11.0010,0.0043,0.0000,0,0,0.0000,0,0.0000,0,0,0,696,0
579,2.8901,10.7810,0.0023,0.0000,0,0,0.0000,0,0.0000,0,0,0,696,0
580,5.1405,6.3563,0.0056,0.0000,0,0,0.0000,0,0.0000,0,0,0,601,0
581,3.0309,5.9959,0.0028,0.0000,0,0,0.0000,0,0.0000,0,0,0,601,0
582,2.9124,9.9949,0.0031,0.0000,0,0,0.0000,0,0.0000,0,0,0,696,0
583,2.8901,10.1806,0.0026,0.0000,0,0,0.0000,0,0.0000,0,0,0,706,0
584,5.1405,6.3550,0.0089,0.0000,0,0,0.0000,0,0.0000,0,0,0,601,0
585,3.0309,5.8611,0.0027,0.0000,0,0,0.0000,0,0.0000,0,0,0,601,0
586,2.9124,10.0680,0.0043,0.0000,0,0,0.0000,0,0.0000,0,0,0,696,0
587,2.8901,10.0946,0.0025,0.0000,0,0,0.0000,0,0.0000,0,0,0,696,0
588,5.1405,6.2780,0.0038,0.0000,0,0,0.0000,0,0.0000,0,0,0,601,0
589,3.0309,5.7292,0.0015,0.0000,0,0,0.0000,0,0.0000,0,0,0,601,0
590,2.9124,10.5158,0.0041,0.0000,0,0,0.0000,0,0.0000,0,0,0,696,0
591,2.8901,10.2575,0.0016,0.0000,0,0,0.0000,0,0.0000,0,0,0,696,0
592,5.1405,8.6752,0.0040,0.0000,0,0,0.0000,0,0.0000,0,0,0,601,0
593,3.0309,8.0508,0.0039,0.0000,0,0,0.0000,0,0.0000,0,0,0,601,0
594,2.9124,10.6080,0.0053,0.0000,0,0,0.0000,0,0.0000,0,0,0,696,0
595,2.8901,10.5705,0.0017,0.0000,0,0,0.0000,0,0.0000,0,0,0,696,0
596,5.1405,8.2251,0.0022,0.0000,0,0,0.0000,0,0.0000,0,0,0,601,0
597,3.0309,7.4485,0.0029,0.0000,0,0,0.0000,0,0.0000,0,0,0,601,0
598,2.9124,10.7403,0.0018,0.0000,0,0,0.0000,0,0.0000,0,0,0,696,0
599,2.8901,10.5345,0.0048,0.0000,0,0,0.0000,0,0.0000,0,0,0,703,0
600,5.1405,30.0173,0.0163,0.0000,0,0,0.0000,0,0.0000,0,1,0,60271,0
601,3.0309,30.6782,0.0095,0.0000,0,0,0.0000,0,0.0000,0,1,0,43482,0
602,2.9124,25.4765,0.0069,0.0000,0,0,0.0000,0,0.0000,0,1,0,59828,0
603,2.8901,26.0972,0.0104,0.0000,0,0,0.0000,0,0.0000,0,1,0,68126,0
604,5.1405,5.8191,0.0124,0.0000,0,0,0.0000,0,0.0000,0,0,0,16498,0
605,3.0309,5.6155,0.0163,0.0000,0,0,0.0000,0,0.0000,0,0,0,14403,0
606,2.9124,10.4056,0.0051,0.0000,0,0,0.0000,0,0.0000,0,0,0,17862,0
607,2.8901,10.4004,0.0060,0.0000,0,0,0.0000,0,0.0000,0,0,0,17138,0
608,5.1405,5.8094,0.0074,0.0000,0,0,0.0000,0,0.0000,0,0,0,9226,0
609,3.0309,5.6246,0.0032,0.0000,0,0,0.0000,0,0.0000,0,0,0,6914,0
610,2.9124,10.6007,0.0027,0.0000,0,0,0.0000,0,0.0000,0,0,0,11125,0
611,2.8901,10.4213,0.0035,0.0000,0,0,0.0000,0,0.0000,0,0,0,9621,0
612,5.1405,5.8025,0.0027,0.0000,0,0,0.0000,0,0.0000,0,0,0,17369,0
613,3.0309,5.6041,0.0024,0.0000,0,0,0.0000,0,0.0000,0,0,0,16755,0
614,2.9124,10.6205,0.0097,0.0000,0,0,0.0000,0,0.0000,0,0,0,19658,0
615,2.8901,10.6535,0.0080,0.0000,0,0,0.0000,0,0.0000,0,0,0,15622,0
616,5.1405,5.7309,0.0038,0.0000,0,0,0.0000,0,0.0000,0,0,0,23309,0
617,3.0309,5.5580,0.0032,0.0000,0,0,0.0000,0,0.0000,0,0,0,20346,0
618,2.9124,10.4307,0.0022,0.0000,0,0,0.0000,0,0.0000,0,0,0,22802,0
619,2.8901,10.3982,0.0129,0.0000,0,0,0.0000,0,0.0000,0,0,0,21407,0
620,5.1405,5.7212,0.0026,0.0000,0,0,0.0000,0,0.0000,0,0,0,13027,0
621,3.0309,5.5681,0.0021,0.0000,0,0,0.0000,0,0.0000,0,0,0,11737,0
622,2.9124,10.5731,0.0175,0.0000,0,0,0.0000,0,0.0000,0,0,0,12722,0
623,2.8901,10.5586,0.0023,0.0000,0,0,0.0000,0,0.0000,0,0,0,16214,0
624,5.1405,5.6997,0.0018,0.0000,0,0,0.0000,0,0.0000,0,0,0,7002,0
625,3.0309,5.4958,0.0015,0.0000,0,0,0.0000,0,0.0000,0,0,0,5132,0
626,2.9124,10.5724,0.0031,0.0000,0,0,0.0000,0,0.0000,0,0,0,7491,0
627,2.8901,10.5319,0.0013,0.0000,0,0,0.0000,0,0.0000,0,0,0,4790,0
628,5.1405,5.6255,0.0013,0.0000,0,0,0.0000,0,0.0000,0,0,0,3933,0
629,3.0309,5.4685,0.0025,0.0000,0,0,0.0000,0,0.0000,0,0,0,3799,0
630,2.9124,10.3213,0.0015,0.0000,0,0,0.0000,0,0.0000,0,0,0,4399,0
631,2.8901,10.3158,0.0013,0.0000,0,0,0.0000,0,0.0000,0,0,0,3276,0
632,5.1405,5.5895,0.0016,0.0000,0,0,0.0000,0,0.0000,0,0,0,3260,0
633,3.0309,5.4641,0.0020,0.0000,0,0,0.0000,0,0.0000,0,0,0,2850,0
634,2.9124,10.4538,0.0016,0.0000,0,0,0.0000,0,0.0000,0,0,0,3280,0
635,2.8901,10.4267,0.0015,0.0000,0,0,0.0000,0,0.0000,0,0,0,2761,0
636,5.1405,5.6591,0.0012,0.0000,0,0,0.0000,0,0.0000,0,0,0,3090,0
637,3.0309,5.5075,0.0012,0.0000,0,0,0.0000,0,0.0000,0,0,0,2691,0
638,2.9124,10.4858,0.0012,0.0000,0,0,0.0000,0,0.0000,0,0,0,3020,0
639,2.8901,10.4552,0.0016,0.0000,0,0,0.0000,0,0.0000,0,0,0,2648,0
640,5.1405,5.7027,0.0015,0.0000,0,0,0.0000,0,0.0000,0,0,0,2664,0
641,3.0309,5.5666,0.0011,0.0000,0,0,0.0000,0,0.0000,0,0,0,2213,0
642,2.9124,10.4428,0.0013,0.0000,0,0,0.0000,0,0.0000,0,0,0,1084,0
643,2.8901,10.3912,0.0014,0.0000,0,0,0.0000,0,0.0000,0,0,0,2638,0
644,5.1405,5.7772,0.0015,0.0000,0,0,0.0000,0,0.0000,0,0,0,1673,0
645,3.0309,5.6074,0.0023,0.0000,0,0,0.0000,0,0.0000,0,0,0,1302,0
646,2.9124,10.4874,0.0014,0.0000,0,0,0.0000,0,0.0000,0,0,0,959,0
647,2.8901,10.4424,0.0011,0.0000,0,0,0.0000,0,0.0000,0,0,0,2173,0
648,5.1405,5.8341,0.0014,0.0000,0,0,0.0000,0,0.0000,0,0,0,1538,0
649,3.0309,5.5936,0.0012,0.0000,0,0,0.0000,0,0.0000,0,0,0,1107,0
650,2.9124,10.5146,0.0015,0.0000,0,0,0.0000,0,0.0000,0,0,0,819,0
651,2.8901,10.4589,0.0011,0.0000,0,0,0.0000,0,0.0000,0,0,0,1668,0
652,5.1405,5.6889,0.0014,0.0000,0,0,0.0000,0,0.0000,0,0,0,1248,0
653,3.0309,5.5798,0.0013,0.0000,0,0,0.0000,0,0.0000,0,0,0,944,0
654,2.9124,10.5877,0.0012,0.0000,0,0,0.0000,0,0.0000,0,0,0,945,0
655,2.8901,10.5403,0.0013,0.0000,0,0,0.0000,0,0.0000,0,0,0,743,0
656,5.1405,5.9691,0.0027,0.0000,0,0,0.0000,0,0.0000,0,0,0,1198,0
657,3.0309,5.7540,0.0007,0.0000,0,0,0.0000,0,0.0000,0,0,0,836,0
658,2.9124,10.6371,0.0020,0.0000,0,0,0.0000,0,0.0000,0,0,0,1250,0
659,2.8901,10.5451,0.0017,0.0000,0,0,0.0000,0,0.0000,0,0,0,717,0
660,5.1405,6.0313,0.0021,0.0000,0,0,0.0000,0,0.0000,0,0,0,1168,0
661,3.0309,5.6532,0.0024,0.0000,0,0,0.0000,0,0.0000,0,0,0,792,0
662,2.9124,10.6253,0.0013,0.0000,0,0,0.0000,0,0.0000,0,0,0,1108,0
663,2.8901,10.5001,0.0018,0.0000,0,0,0.0000,0,0.0000,0,0,0,792,0
664,5.1405,5.8934,0.0021,0.0000,0,0,0.0000,0,0.0000,0,0,0,1037,0
665,3.0309,5.6689,0.0013,0.0000,0,0,0.0000,0,0.0000,0,0,0,722,0
666,2.9124,10.5250,0.0026,0.0000,0,0,0.0000,0,0.0000,0,0,0,1361,0
667,2.8901,10.4198,0.0011,0.0000,0,0,0.0000,0,0.0000,0,0,0,925,0
668,5.1405,5.9080,0.0014,0.0000,0,0,0.0000,0,0.0000,0,0,0,987,0
669,3.0309,5.6805,0.0010,0.0000,0,0,0.0000,0,0.0000,0,0,0,676,0
670,2.9124,10.5230,0.0019,0.0000,0,0,0.0000,0,0.0000,0,0,0,1198,0
671,2.8901,10.4060,0.0011,0.0000,0,0,0.0000,0,0.0000,0,0,0,1094,0
672,5.1405,5.9105,0.0018,0.0000,0,0,0.0000,0,0.0000,0,0,0,879,0
673,3.0309,5.6780,0.0018,0.0000,0,0,0.0000,0,0.0000,0,0,0,648,0
674,2.9124,10.9640,0.0095,0.0000,0,0,0.0000,0,0.0000,0,0,0,1117,0
675,2.8901,10.7766,0.0095,0.0000,0,0,0.0000,0,0.0000,0,0,0,1077,0
676,5.1405,6.5032,0.0058,0.0000,0,0,0.0000,0,0.0000,0,0,0,746,0
677,3.0309,6.0927,0.0012,0.0000,0,0,0.0000,0,0.0000,0,0,0,643,0
678,2.9124,10.8227,0.0072,0.0000,0,0,0.0000,0,0.0000,0,0,0,1064,0
679,2.8901,10.7803,0.0031,0.0000,0,0,0.0000,0,0.0000,0,0,0,1295,0
680,5.1405,6.6022,0.0073,0.0000,0,0,0.0000,0,0.0000,0,0,0,687,0
681,3.0309,5.8400,0.0023,0.0000,0,0,0.0000,0,0.0000,0,0,0,622,0
682,2.9124,10.6811,0.0082,0.0000,0,0,0.0000,0,0.0000,0,0,0,1368,0
683,2.8901,10.4367,0.0082,0.0000,0,0,0.0000,0,0.0000,0,0,0,709,0
684,5.1405,6.6987,0.0070,0.0000,0,0,0.0000,0,0.0000,0,0,0,716,0
685,3.0309,5.8187,0.0017,0.0000,0,0,0.0000,0,0.0000,0,0,0,620,0
686,2.9124,10.0683,0.0026,0.0000,0,0,0.0000,0,0.0000,0,0,0,710,0
687,2.8901,9.8595,0.0009,0.0000,0,0,0.0000,0,0.0000,0,0,0,715,0
688,5.1405,5.9535,0.0011,0.0000,0,0,0.0000,0,0.0000,0,0,0,717,0
689,3.0309,5.6854,0.0013,0.0000,0,0,0.0000,0,0.0000,0,0,0,613,0
690,2.9124,10.5493,0.0019,0.0000,0,0,0.0000,0,0.0000,0,0,0,696,0
691,2.8901,10.4492,0.0019,0.0000,0,0,0.0000,0,0.0000,0,0,0,724,0
692,5.1405,6.0626,0.0021,0.0000,0,0,0.0000,0,0.0000,0,0,0,685,0
693,3.0309,5.6372,0.0018,0.0000,0,0,0.0000,0,0.0000,0,0,0,617,0
694,2.9124,11.1961,0.0129,0.0000,0,0,0.0000,0,0.0000,0,0,0,755,0
695,2.8901,11.0050,0.0130,0.0000,0,0,0.0000,0,0.0000,0,0,0,779,0
696,5.1405,6.5447,0.0071,0.0000,0,0,0.0000,0,0.0000,0,0,0,664,0
697,3.0309,6.1262,0.0012,0.0000,0,0,0.0000,0,0.0000,0,0,0,622,0
698,2.9124,10.2691,0.0063,0.0000,0,0,0.0000,0,0.0000,0,0,0,785,0
699,2.8901,10.3643,0.0020,0.0000,0,0,0.0000,0,0.0000,0,0,0,906,0
700,5.1405,6.6089,0.0070,0.0000,0,0,0.0000,0,0.0000,0,0,0,636,0
701,3.0309,6.0275,0.0015,0.0000,0,0,0.0000,0,0.0000,0,0,0,626,0
702,2.9124,10.5478,0.0057,0.0000,0,0,0.0000,0,0.0000,0,0,0,868,0
703,2.8901,10.3169,0.0057,0.0000,0,0,0.0000,0,0.0000,0,0,0,830,0
704,5.1405,8.7840,0.0011,0.0000,0,0,0.0000,0,0.0000,0,0,0,635,0
705,3.0309,7.9950,0.0070,0.0000,0,0,0.0000,0,0.0000,0,0,0,608,0
706,2.9124,12.4883,0.0058,0.0000,0,0,0.0000,0,0.0000,0,0,0,801,0
707,2.8901,12.3076,0.0022,0.0000,0,0,0.0000,0,0.0000,0,0,0,966,0
708,5.1405,6.0255,0.0057,0.0000,0,0,0.0000,0,0.0000,0,0,0,650,0
709,3.0309,5.7716,0.0012,0.0000,0,0,0.0000,0,0.0000,0,0,0,606,0
710,2.9124,10.3522,0.0013,0.0000,0,0,0.0000,0,0.0000,0,0,0,1017,0
711,2.8901,10.2876,0.0021,0.0000,0,0,0.0000,0,0.0000,0,0,0,705,0
712,5.1405,5.9296,0.0015,0.0000,0,0,0.0000,0,0.0000,0,0,0,646,0
713,3.0309,5.6513,0.0037,0.0000,0,0,0.0000,0,0.0000,0,0,0,607,0
714,2.9124,10.4851,0.0018,0.0000,0,0,0.0000,0,0.0000,0,0,0,933,0
715,2.8901,10.4019,0.0013,0.0000,0,0,0.0000,0,0.0000,0,0,0,703,0
716,5.1405,5.9847,0.0015,0.0000,0,0,0.0000,0,0.0000,0,0,0,651,0
717,3.0309,5.6897,0.0014,0.0000,0,0,0.0000,0,0.0000,0,0,0,609,0
718,2.9124,10.6027,0.0013,0.0000,0,0,0.0000,0,0.0000,0,0,0,926,0
719,2.8901,10.5086,0.0013,0.0000,0,0,0.0000,0,0.0000,0,0,0,728,0
720,5.1405,6.1070,0.0061,0.0000,0,0,0.0000,0,0.0000,0,0,0,638,0
721,3.0309,5.7718,0.0060,0.0000,0,0,0.0000,0,0.0000,0,0,0,601,0
722,2.9124,10.6120,0.0025,0.0000,0,0,0.0000,0,0.0000,0,0,0,856,0
723,2.8901,10.4664,0.0014,0.0000,0,0,0.0000,0,0.0000,0,0,0,752,0
724,5.1405,5.7970,0.0032,0.0000,0,0,0.0000,0,0.0000,0,0,0,623,0
725,3.0309,5.5264,0.0007,0.0000,0,0,0.0000,0,0.0000,0,0,0,601,0
726,2.9124,10.4462,0.0033,0.0000,0,0,0.0000,0,0.0000,0,0,0,1082,0
727,2.8901,10.2936,0.0014,0.0000,0,0,0.0000,0,0.0000,0,0,0,805,0
728,5.1405,6.0765,0.0024,0.0000,0,0,0.0000,0,0.0000,0,0,0,626,0
729,3.0309,5.7028,0.0011,0.0000,0,0,0.0000,0,0.0000,0,0,0,601,0
730,2.9124,10.4938,0.0029,0.0000,0,0,0.0000,0,0.0000,0,0,0,712,0
731,2.8901,10.4553,0.0012,0.0000,0,0,0.0000,0,0.0000,0,0,0,775,0
732,5.1405,5.9772,0.0021,0.0000,0,0,0.0000,0,0.0000,0,0,0,622,0
733,3.0309,5.6259,0.0009,0.0000,0,0,0.0000,0,0.0000,0,0,0,601,0
734,2.9124,10.5037,0.0033,0.0000,0,0,0.0000,0,0.0000,0,0,0,709,0
735,2.8901,10.4428,0.0005,0.0000,0,0,0.0000,0,0.0000,0,0,0,911,0
736,5.1405,6.0537,0.0026,0.0000,0,0,0.0000,0,0.0000,0,0,0,611,0
737,3.0309,5.6662,0.0009,0.0000,0,0,0.0000,0,0.0000,0,0,0,601,0
738,2.9124,10.5198,0.0023,0.0000,0,0,0.0000,0,0.0000,0,0,0,723,0
739,2.8901,10.4378,0.0027,0.0000,0,0,0.0000,0,0.0000,0,0,0,698,0
740,5.1405,6.0054,0.0023,0.0000,0,0,0.0000,0,0.0000,0,0,0,618,0
741,3.0309,5.6465,0.0006,0.0000,0,0,0.0000,0,0.0000,0,0,0,601,0
742,2.9124,10.3836,0.0034,0.0000,0,0,0.0000,0,0.0000,0,0,0,744,0
743,2.8901,10.4056,0.0010,0.0000,0,0,0.0000,0,0.0000,0,0,0,696,0
744,5.1405,5.8670,0.0017,0.0000,0,0,0.0000,0,0.0000,0,0,0,605,0
745,3.0309,5.6151,0.0009,0.0000,0,0,0.0000,0,0.0000,0,0,0,601,0
746,2.9124,10.4960,0.0025,0.0000,0,0,0.0000,0,0.0000,0,0,0,786,0
747,2.8901,10.3964,0.0025,0.0000,0,0,0.0000,0,0.0000,0,0,0,704,0
748,5.1405,6.1006,0.0025,0.0000,0,0,0.0000,0,0.0000,0,0,0,606,0
749,3.0309,5.6147,0.0025,0.0000,0,0,0.0000,0,0.0000,0,0,0,601,0
750,2.9124,10.4143,0.0028,0.0000,0,0,0.0000,0,0.0000,0,0,0,780,0
751,2.8901,10.3751,0.0030,0.0000,0,0,0.0000,0,0.0000,0,0,0,741,0
752,5.1405,6.0582,0.0019,0.0000,0,0,0.0000,0,0.0000,0,0,0,605,0
753,3.0309,5.6071,0.0010,0.0000,0,0,0.0000,0,0.0000,0,0,0,601,0
754,2.9124,10.6268,0.0009,0.0000,0,0,0.0000,0,0.0000,0,0,0,808,0
755,2.8901,10.5591,0.0008,0.0000,0,0,0.0000,0,0.0000,0,0,0,758,0
756,5.1405,6.0096,0.0027,0.0000,0,0,0.0000,0,0.0000,0,0,0,606,0
757,3.0309,5.6613,0.0005,0.0000,0,0,0.0000,0,0.0000,0,0,0,601,0
758,2.9124,10.4671,0.0040,0.0000,0,0,0.0000,0,0.0000,0,0,0,795,0
759,2.8901,10.4207,0.0005,0.0000,0,0,0.0000,0,0.0000,0,0,0,738,0
760,5.1405,5.9295,0.0015,0.0000,0,0,0.0000,0,0.0000,0,0,0,601,0
761,3.0309,5.6595,0.0004,0.0000,0,0,0.0000,0,0.0000,0,0,0,601,0
762,2.9124,10.4933,0.0031,0.0000,0,0,0.0000,0,0.0000,0,0,0,771,0
763,2.8901,10.4715,0.0010,0.0000,0,0,0.0000,0,0.0000,0,0,0,836,0
764,5.1405,6.0535,0.0027,0.0000,0,0,0.0000,0,0.0000,0,0,0,601,0
765,3.0309,5.6237,0.0009,0.0000,0,0,0.0000,0,0.0000,0,0,0,601,0
766,2.9124,10.5512,0.0030,0.0000,0,0,0.0000,0,0.0000,0,0,0,779,0
767,2.8901,10.5358,0.0011,0.0000,0,0,0.0000,0,0.0000,0,0,0,698,0
768,5.1405,5.8566,0.0023,0.0000,0,0,0.0000,0,0.0000,0,0,0,601,0
769,3.0309,5.6240,0.0010,0.0000,0,0,0.0000,0,0.0000,0,0,0,601,0
770,2.9124,10.4583,0.0026,0.0000,0,0,0.0000,0,0.0000,0,0,0,967,0
771,2.8901,10.5086,0.0010,0.0000,0,0,0.0000,0,0.0000,0,0,0,696,0
772,5.1405,5.8529,0.0029,0.0000,0,0,0.0000,0,0.0000,0,0,0,601,0
773,3.0309,5.6128,0.0007,0.0000,0,0,0.0000,0,0.0000,0,0,0,601,0
774,2.9124,10.5430,0.0030,0.0000,0,0,0.0000,0,0.0000,0,0,0,710,0
775,2.8901,10.4805,0.0019,0.0000,0,0,0.0000,0,0.0000,0,0,0,700,0
776,5.1405,5.9280,0.0026,0.0000,0,0,0.0000,0,0.0000,0,0,0,601,0
777,3.0309,5.6165,0.0011,0.0000,0,0,0.0000,0,0.0000,0,0,0,601,0
778,2.9124,10.4650,0.0026,0.0000,0,0,0.0000,0,0.0000,0,0,0,703,0
779,2.8901,10.4145,0.0009,0.0000,0,0,0.0000,0,0.0000,0,0,0,721,0
780,5.1405,6.0094,0.0027,0.0000,0,0,0.0000,0,0.0000,0,0,0,601,0
781,3.0309,5.6285,0.0008,0.0000,0,0,0.0000,0,0.0000,0,0,0,601,0
782,2.9124,10.4903,0.0035,0.0000,0,0,0.0000,0,0.0000,0,0,0,708,0
783,2.8901,10.4634,0.0016,0.0000,0,0,0.0000,0,0.0000,0,0,0,783,0
784,5.1405,5.8281,0.0018,0.0000,0,0,0.0000,0,0.0000,0,0,0,601,0
785,3.0309,5.5946,0.0009,0.0000,0,0,0.0000,0,0.0000,0,0,0,601,0
786,2.9124,10.4901,0.0031,0.0000,0,0,0.0000,0,0.0000,0,0,0,751,0
787,2.8901,10.4371,0.0009,0.0000,0,0,0.0000,0,0.0000,0,0,0,755,0
788,5.1405,6.0593,0.0025,0.0000,0,0,0.0000,0,0.0000,0,0,0,601,0
789,3.0309,5.6422,0.0006,0.0000,0,0,0.0000,0,0.0000,0,0,0,601,0
790,2.9124,10.5337,0.0031,0.0000,0,0,0.0000,0,0.0000,0,0,0,762,0
791,2.8901,10.4329,0.0010,0.0000,0,0,0.0000,0,0.0000,0,0,0,801,0
792,5.1405,5.8941,0.0027,0.0000,0,0,0.0000,0,0.0000,0,0,0,601,0
793,3.0309,5.6277,0.0011,0.0000,0,0,0.0000,0,0.0000,0,0,0,601,0
794,2.9124,10.4749,0.0028,0.0000,0,0,0.0000,0,0.0000,0,0,0,747,0
795,2.8901,10.4726,0.0008,0.0000,0,0,0.0000,0,0.0000,0,0,0,696,0
796,5.1405,5.8418,0.0034,0.0000,0,0,0.0000,0,0.0000,0,0,0,601,0
797,3.0309,5.5766,0.0033,0.0000,0,0,0.0000,0,0.0000,0,0,0,601,0
798,2.9124,10.4965,0.0030,0.0000,0,0,0.0000,0,0.0000,0,0,0,830,0
799,2.8901,10.4627,0.0010,0.0000,0,0,0.0000,0,0.0000,0,0,0,701,0
800,5.1405,6.0020,0.0025,0.0000,0,0,0.0000,0,0.0000,0,0,0,601,0
801,3.0309,5.6358,0.0009,0.0000,0,0,0.0000,0,0.0000,0,0,0,601,0
802,2.9124,10.4672,0.0029,0.0000,0,0,0.0000,0,0.0000,0,0,0,769,0
803,2.8901,10.4346,0.0017,0.0000,0,0,0.0000,0,0.0000,0,0,0,696,0
804,5.1405,6.0054,0.0215,0.0000,0,0,0.0000,0,0.0000,0,0,0,601,0
805,3.0309,5.5980,0.0009,0.0000,0,0,0.0000,0,0.0000,0,0,0,601,0
806,2.9124,10.4943,0.0030,0.0000,0,0,0.0000,0,0.0000,0,0,0,728,0
807,2.8901,10.3965,0.0030,0.0000,0,0,0.0000,0,0.0000,0,0,0,717,0
808,5.1405,5.8577,0.0023,0.0000,0,0,0.0000,0,0.0000,0,0,0,601,0
809,3.0309,5.6501,0.0009,0.0000,0,0,0.0000,0,0.0000,0,0,0,601,0
810,2.9124,10.4195,0.0033,0.0000,0,0,0.0000,0,0.0000,0,0,0,726,0
811,2.8901,10.3897,0.0010,0.0000,0,0,0.0000,0,0.0000,0,0,0,731,0
812,5.1405,6.0143,0.0020,0.0000,0,0,0.0000,0,0.0000,0,0,0,601,0
813,3.0309,5.6328,0.0010,0.0000,0,0,0.0000,0,0.0000,0,0,0,601,0
814,2.9124,10.4601,0.0038,0.0000,0,0,0.0000,0,0.0000,0,0,0,833,0
815,2.8901,10.3562,0.0010,0.0000,0,0,0.0000,0,0.0000,0,0,0,722,0
816,5.1405,6.0020,0.0030,0.0000,0,0,0.0000,0,0.0000,0,0,0,601,0
817,3.0309,5.5840,0.0007,0.0000,0,0,0.0000,0,0.0000,0,0,0,601,0
818,2.9124,10.4029,0.0035,0.0000,0,0,0.0000,0,0.0000,0,0,0,696,0
819,2.8901,10.3663,0.0008,0.0000,0,0,0.0000,0,0.0000,0,0,0,758,0
820,5.1405,5.8227,0.0025,0.0000,0,0,0.0000,0,0.0000,0,0,0,601,0
821,3.0309,5.5982,0.0009,0.0000,0,0,0.0000,0,0.0000,0,0,0,601,0
822,2.9124,10.5042,0.0033,0.0000,0,0,0.0000,0,0.0000,0,0,0,696,0
823,2.8901,10.4333,0.0009,0.0000,0,0,0.0000,0,0.0000,0,0,0,696,0
824,5.1405,5.9698,0.0022,0.0000,0,0,0.0000,0,0.0000,0,0,0,601,0
825,3.0309,5.6527,0.0007,0.0000,0,0,0.0000,0,0.0000,0,0,0,601,0
826,2.9124,10.3871,0.0025,0.0000,0,0,0.0000,0,0.0000,0,0,0,696,0
827,2.8901,10.3440,0.0005,0.0000,0,0,0.0000,0,0.0000,0,0,0,705,0
828,5.1405,5.8957,0.0026,0.0000,0,0,0.0000,0,0.0000,0,0,0,601,0
829,3.0309,5.5814,0.0005,0.0000,0,0,0.0000,0,0.0000,0,0,0,601,0
830,2.9124,10.4709,0.0010,0.0000,0,0,0.0000,0,0.0000,0,0,0,696,0
831,2.8901,10.4485,0.0006,0.0000,0,0,0.0000,0,0.0000,0,0,0,707,0
832,5.1405,5.9737,0.0024,0.0000,0,0,0.0000,0,0.0000,0,0,0,601,0
833,3.0309,5.6232,0.0011,0.0000,0,0,0.0000,0,0.0000,0,0,0,601,0
834,2.9124,10.4145,0.0010,0.0000,0,0,0.0000,0,0.0000,0,0,0,701,0
835,2.8901,10.3741,0.0008,0.0000,0,0,0.0000,0,0.0000,0,0,0,707,0
836,5.1405,5.9568,0.0016,0.0000,0,0,0.0000,0,0.0000,0,0,0,601,0
837,3.0309,5.6263,0.0006,0.0000,0,0,0.0000,0,0.0000,0,0,0,601,0
838,2.9124,10.4352,0.0020,0.0000,0,0,0.0000,0,0.0000,0,0,0,703,0
839,2.8901,10.3801,0.0006,0.0000,0,0,0.0000,0,0.0000,0,0,0,736,0
840,5.1405,5.8173,0.0027,0.0000,0,0,0.0000,0,0.0000,0,0,0,601,0
841,3.0309,5.5703,0.0010,0.0000,0,0,0.0000,0,0.0000,0,0,0,601,0
842,2.9124,10.4831,0.0009,0.0000,0,0,0.0000,0,0.0000,0,0,0,716,0
843,2.8901,10.4005,0.0009,0.0000,0,0,0.0000,0,0.0000,0,0,0,719,0
844,5.1405,5.7219,0.0017,0.0000,0,0,0.0000,0,0.0000,0,0,0,601,0
845,3.0309,5.5769,0.0010,0.0000,0,0,0.0000,0,0.0000,0,0,0,601,0
846,2.9124,10.4230,0.0010,0.0000,0,0,0.0000,0,0.0000,0,0,0,714,0
847,2.8901,10.4202,0.0008,0.0000,0,0,0.0000,0,0.0000,0,0,0,775,0
848,5.1405,5.7337,0.0011,0.0000,0,0,0.0000,0,0.0000,0,0,0,601,0
849,3.0309,5.5410,0.0013,0.0000,0,0,0.0000,0,0.0000,0,0,0,601,0
850,2.9124,10.4778,0.0009,0.0000,0,0,0.0000,0,0.0000,0,0,0,717,0
851,2.8901,10.4662,0.0007,0.0000,0,0,0.0000,0,0.0000,0,0,0,701,0
852,5.1405,5.6922,0.0014,0.0000,0,0,0.0000,0,0.0000,0,0,0,601,0
853,3.0309,5.5165,0.0008,0.0000,0,0,0.0000,0,0.0000,0,0,0,601,0
854,2.9124,10.3492,0.0008,0.0000,0,0,0.0000,0,0.0000,0,0,0,711,0
855,2.8901,10.3290,0.0008,0.0000,0,0,0.0000,0,0.0000,0,0,0,701,0
856,5.1405,5.7045,0.0008,0.0000,0,0,0.0000,0,0.0000,0,0,0,601,0
857,3.0309,5.5520,0.0005,0.0000,0,0,0.0000,0,0.0000,0,0,0,601,0
858,2.9124,10.4226,0.0011,0.0000,0,0,0.0000,0,0.0000,0,0,0,763,0
859,2.8901,10.4178,0.0009,0.0000,0,0,0.0000,0,0.0000,0,0,0,701,0
860,5.1405,5.6618,0.0008,0.0000,0,0,0.0000,0,0.0000,0,0,0,601,0
861,3.0309,5.5320,0.0010,0.0000,0,0,0.0000,0,0.0000,0,0,0,601,0
862,2.9124,10.4134,0.0014,0.0000,0,0,0.0000,0,0.0000,0,0,0,696,0
863,2.8901,10.3752,0.0012,0.0000,0,0,0.0000,0,0.0000,0,0,0,715,0
864,5.1405,5.7207,0.0022,0.0000,0,0,0.0000,0,0.0000,0,0,0,601,0
865,3.0309,5.5342,0.0015,0.0000,0,0,0.0000,0,0.0000,0,0,0,601,0
866,2.9124,10.4095,0.0013,0.0000,0,0,0.0000,0,0.0000,0,0,0,696,0
867,2.8901,10.3563,0.0010,0.0000,0,0,0.0000,0,0.0000,0,0,0,726,0
868,5.1405,5.9970,0.0026,0.0000,0,0,0.0000,0,0.0000,0,0,0,601,0
869,3.0309,5.6647,0.0026,0.0000,0,0,0.0000,0,0.0000,0,0,0,601,0
870,2.9124,10.4791,0.0014,0.0000,0,0,0.0000,0,0.0000,0,0,0,696,0
871,2.8901,10.4188,0.0010,0.0000,0,0,0.0000,0,0.0000,0,0,0,714,0
872,5.1405,6.0511,0.0020,0.0000,0,0,0.0000,0,0.0000,0,0,0,601,0
873,3.0309,5.6588,0.0015,0.0000,0,0,0.0000,0,0.0000,0,0,0,601,0
874,2.9124,10.5516,0.0023,0.0000,0,0,0.0000,0,0.0000,0,0,0,696,0
875,2.8901,10.4290,0.0015,0.0000,0,0,0.0000,0,0.0000,0,0,0,789,0
876,5.1405,6.2487,0.0039,0.0000,0,0,0.0000,0,0.0000,0,0,0,601,0
877,3.0309,5.8078,0.0018,0.0000,0,0,0.0000,0,0.0000,0,0,0,601,0
878,2.9124,10.7494,0.0038,0.0000,0,0,0.0000,0,0.0000,0,0,0,717,0
879,2.8901,10.5807,0.0025,0.0000,0,0,0.0000,0,0.0000,0,0,0,703,0
880,5.1405,6.2770,0.0045,0.0000,0,0,0.0000,0,0.0000,0,0,0,601,0
881,3.0309,5.8755,0.0016,0.0000,0,0,0.0000,0,0.0000,0,0,0,601,0
882,2.9124,10.6743,0.0024,0.0000,0,0,0.0000,0,0.0000,0,0,0,716,0
883,2.8901,10.5829,0.0011,0.0000,0,0,0.0000,0,0.0000,0,0,0,705,0
884,5.1405,6.2043,0.0028,0.0000,0,0,0.0000,0,0.0000,0,0,0,601,0
885,3.0309,5.7804,0.0011,0.0000,0,0,0.0000,0,0.0000,0,0,0,601,0
886,2.9124,10.6859,0.0043,0.0000,0,0,0.0000,0,0.0000,0,0,0,745,0
887,2.8901,10.5745,0.0052,0.0000,0,0,0.0000,0,0.0000,0,0,0,700,0
888,5.1405,6.3126,0.0035,0.0000,0,0,0.0000,0,0.0000,0,0,0,601,0
889,3.0309,5.8293,0.0016,0.0000,0,0,0.0000,0,0.0000,0,0,0,601,0
890,2.9124,11.4497,0.0045,0.0000,0,0,0.0000,0,0.0000,0,0,0,737,0
891,2.8901,11.2883,0.0022,0.0000,0,0,0.0000,0,0.0000,0,0,0,706,0
892,5.1405,6.0514,0.0018,0.0000,0,0,0.0000,0,0.0000,0,0,0,601,0
893,3.0309,5.6805,0.0013,0.0000,0,0,0.0000,0,0.0000,0,0,0,601,0
894,2.9124,10.6695,0.0037,0.0000,0,0,0.0000,0,0.0000,0,0,0,718,0
895,2.8901,10.5499,0.0037,0.0000,0,0,0.0000,0,0.0000,0,0,0,723,0
896,5.1405,6.1105,0.0071,0.0000,0,0,0.0000,0,0.0000,0,0,0,601,0
897,3.0309,5.7190,0.0012,0.0000,0,0,0.0000,0,0.0000,0,0,0,601,0
898,2.9124,10.7400,0.0048,0.0000,0,0,0.0000,0,0.0000,0,0,0,719,0
899,2.8901,10.6147,0.0021,0.0000,0,0,0.0000,0,0.0000,0,0,0,714,0
900,5.1405,7.0212,0.0103,0.0000,0,0,0.0000,0,0.0000,0,0,0,601,0
901,3.0309,5.9202,0.0104,0.0000,0,0,0.0000,0,0.0000,0,0,0,601,0
902,2.9124,11.7328,0.0058,0.0000,0,0,0.0000,0,0.0000,0,0,0,747,0
903,2.8901,11.4411,0.0058,0.0000,0,0,0.0000,0,0.0000,0,0,0,769,0
904,5.1405,6.5695,0.0073,0.0000,0,0,0.0000,0,0.0000,0,0,0,601,0
905,3.0309,6.0935,0.0073,0.0000,0,0,0.0000,0,0.0000,0,0,0,601,0
906,2.9124,11.1834,0.0104,0.0000,0,0,0.0000,0,0.0000,0,0,0,696,0
907,2.8901,12.5975,0.0053,0.0000,0,0,0.0000,0,0.0000,0,0,0,704,0
908,5.1405,6.5368,0.0106,0.0000,0,0,0.0000,0,0.0000,0,0,0,601,0
909,3.0309,6.2017,0.0107,0.0000,0,0,0.0000,0,0.0000,0,0,0,601,0
910,2.9124,11.1704,0.0088,0.0000,0,0,0.0000,0,0.0000,0,0,0,696,0
911,2.8901,11.2084,0.0015,0.0000,0,0,0.0000,0,0.0000,0,0,0,707,0
912,5.1405,6.6125,0.0012,0.0000,0,0,0.0000,0,0.0000,0,0,0,601,0
913,3.0309,6.1049,0.0104,0.0000,0,0,0.0000,0,0.0000,0,0,0,601,0
914,2.9124,11.0245,0.0090,0.0000,0,0,0.0000,0,0.0000,0,0,0,696,0
915,2.8901,11.0781,0.0024,0.0000,0,0,0.0000,0,0.0000,0,0,0,714,0
916,5.1405,6.7714,0.0071,0.0000,0,0,0.0000,0,0.0000,0,0,0,601,0
917,3.0309,5.9167,0.0018,0.0000,0,0,0.0000,0,0.0000,0,0,0,601,0
918,2.9124,10.1510,0.0124,0.0000,0,0,0.0000,0,0.0000,0,0,0,696,0
919,2.8901,10.0381,0.0025,0.0000,0,0,0.0000,0,0.0000,0,0,0,709,0
920,5.1405,6.6525,0.0063,0.0000,0,0,0.0000,0,0.0000,0,0,0,601,0
921,3.0309,5.8357,0.0016,0.0000,0,0,0.0000,0,0.0000,0,0,0,601,0
922,2.9124,10.1065,0.0032,0.0000,0,0,0.0000,0,0.0000,0,0,0,696,0
923,2.8901,10.0346,0.0032,0.0000,0,0,0.0000,0,0.0000,0,0,0,732,0
924,5.1405,6.3975,0.0063,0.0000,0,0,0.0000,0,0.0000,0,0,0,601,0
925,3.0309,5.7831,0.0013,0.0000,0,0,0.0000,0,0.0000,0,0,0,601,0
926,2.9124,9.9235,0.0030,0.0000,0,0,0.0000,0,0.0000,0,0,0,696,0
927,2.8901,9.9708,0.0015,0.0000,0,0,0.0000,0,0.0000,0,0,0,719,0
928,5.1405,6.7321,0.0072,0.0000,0,0,0.0000,0,0.0000,0,0,0,601,0
929,3.0309,5.6780,0.0025,0.0000,0,0,0.0000,0,0.0000,0,0,0,601,0
930,2.9124,10.0439,0.0023,0.0000,0,0,0.0000,0,0.0000,0,0,0,708,0
931,2.8901,10.1209,0.0019,0.0000,0,0,0.0000,0,0.0000,0,0,0,751,0
932,5.1405,6.3243,0.0045,0.0000,0,0,0.0000,0,0.0000,0,0,0,601,0
933,3.0309,5.7068,0.0017,0.0000,0,0,0.0000,0,0.0000,0,0,0,601,0
934,2.9124,9.9383,0.0029,0.0000,0,0,0.0000,0,0.0000,0,0,0,708,0
935,2.8901,9.9230,0.0024,0.0000,0,0,0.0000,0,0.0000,0,0,0,696,0
936,5.1405,6.4016,0.0051,0.0000,0,0,0.0000,0,0.0000,0,0,0,601,0
937,3.0309,5.8438,0.0030,0.0000,0,0,0.0000,0,0.0000,0,0,0,601,0
938,2.9124,10.2181,0.0056,0.0000,0,0,0.0000,0,0.0000,0,0,0,706,0
939,2.8901,9.9465,0.0022,0.0000,0,0,0.0000,0,0.0000,0,0,0,701,0
940,5.1405,6.3314,0.0049,0.0000,0,0,0.0000,0,0.0000,0,0,0,601,0
941,3.0309,5.7262,0.0018,0.0000,0,0,0.0000,0,0.0000,0,0,0,601,0
942,2.9124,9.9637,0.0032,0.0000,0,0,0.0000,0,0.0000,0,0,0,707,0
943,2.8901,9.9280,0.0025,0.0000,0,0,0.0000,0,0.0000,0,0,0,703,0
944,5.1405,6.6097,0.0067,0.0000,0,0,0.0000,0,0.0000,0,0,0,601,0
945,3.0309,5.8900,0.0029,0.0000,0,0,0.0000,0,0.0000,0,0,0,601,0
946,2.9124,10.0274,0.0117,0.0000,0,0,0.0000,0,0.0000,0,0,0,723,0
947,2.8901,9.9603,0.0028,0.0000,0,0,0.0000,0,0.0000,0,0,0,707,0
948,5.1405,6.5181,0.0055,0.0000,0,0,0.0000,0,0.0000,0,0,0,601,0
949,3.0309,5.9286,0.0014,0.0000,0,0,0.0000,0,0.0000,0,0,0,601,0
950,2.9124,10.1563,0.0057,0.0000,0,0,0.0000,0,0.0000,0,0,0,696,0
951,2.8901,9.9827,0.0018,0.0000,0,0,0.0000,0,0.0000,0,0,0,708,0
952,5.1405,6.4745,0.0047,0.0000,0,0,0.0000,0,0.0000,0,0,0,601,0
953,3.0309,5.7216,0.0013,0.0000,0,0,0.0000,0,0.0000,0,0,0,601,0
954,2.9124,9.8919,0.0032,0.0000,0,0,0.0000,0,0.0000,0,0,0,696,0
955,2.8901,9.8188,0.0019,0.0000,0,0,0.0000,0,0.0000,0,0,0,712,0
956,5.1405,6.5662,0.0065,0.0000,0,0,0.0000,0,0.0000,0,0,0,601,0
957,3.0309,5.9094,0.0018,0.0000,0,0,0.0000,0,0.0000,0,0,0,601,0
958,2.9124,10.3210,0.0055,0.0000,0,0,0.0000,0,0.0000,0,0,0,696,0
959,2.8901,10.0855,0.0017,0.0000,0,0,0.0000,0,0.0000,0,0,0,754,0
960,5.1405,7.8516,0.0047,0.0000,0,0,0.0000,0,0.0000,0,0,0,601,0
961,3.0309,6.8727,0.0030,0.0000,0,0,0.0000,0,0.0000,0,0,0,601,0
962,2.9124,9.9775,0.0036,0.0000,0,0,0.0000,0,0.0000,0,0,0,696,0
963,2.8901,9.7725,0.0013,0.0000,0,0,0.0000,0,0.0000,0,0,0,696,0
964,5.1405,6.2102,0.0024,0.0000,0,0,0.0000,0,0.0000,0,0,0,601,0
965,3.0309,5.7288,0.0018,0.0000,0,0,0.0000,0,0.0000,0,0,0,601,0
966,2.9124,10.5300,0.0016,0.0000,0,0,0.0000,0,0.0000,0,0,0,701,0
967,2.8901,10.4782,0.0028,0.0000,0,0,0.0000,0,0.0000,0,0,0,706,0
968,5.1405,5.9649,0.0060,0.0000,0,0,0.0000,0,0.0000,0,0,0,601,0
969,3.0309,5.6615,0.0060,0.0000,0,0,0.0000,0,0.0000,0,0,0,601,0
970,2.9124,10.4495,0.0013,0.0000,0,0,0.0000,0,0.0000,0,0,0,696,0
971,2.8901,10.4147,0.0005,0.0000,0,0,0.0000,0,0.0000,0,0,0,700,0
972,5.1405,6.3405,0.0069,0.0000,0,0,0.0000,0,0.0000,0,0,0,601,0
973,3.0309,5.7675,0.0025,0.0000,0,0,0.0000,0,0.0000,0,0,0,601,0
974,2.9124,10.3371,0.0038,0.0000,0,0,0.0000,0,0.0000,0,0,0,707,0
975,2.8901,10.2277,0.0022,0.0000,0,0,0.0000,0,0.0000,0,0,0,704,0
976,5.1405,6.5408,0.0065,0.0000,0,0,0.0000,0,0.0000,0,0,0,601,0
977,3.0309,5.8932,0.0018,0.0000,0,0,0.0000,0,0.0000,0,0,0,601,0
978,2.9124,9.6508,0.0042,0.0000,0,0,0.0000,0,0.0000,0,0,0,701,0
979,2.8901,9.4793,0.0024,0.0000,0,0,0.0000,0,0.0000,0,0,0,715,0
980,5.1405,6.5249,0.0048,0.0000,0,0,0.0000,0,0.0000,0,0,0,601,0
981,3.0309,5.8190,0.0020,0.0000,0,0,0.0000,0,0.0000,0,0,0,601,0
982,2.9124,9.9156,0.0030,0.0000,0,0,0.0000,0,0.0000,0,0,0,702,0
983,2.8901,10.0652,0.0019,0.0000,0,0,0.0000,0,0.0000,0,0,0,700,0
984,5.1405,6.4433,0.0060,0.0000,0,0,0.0000,0,0.0000,0,0,0,601,0
985,3.0309,5.8542,0.0025,0.0000,0,0,0.0000,0,0.0000,0,0,0,601,0
986,2.9124,10.0603,0.0049,0.0000,0,0,0.0000,0,0.0000,0,0,0,711,0
987,2.8901,9.9612,0.0032,0.0000,0,0,0.0000,0,0.0000,0,0,0,764,0
988,5.1405,6.5148,0.0078,0.0000,0,0,0.0000,0,0.0000,0,0,0,601,0
989,3.0309,5.7970,0.0024,0.0000,0,0,0.0000,0,0.0000,0,0,0,601,0
990,2.9124,10.1118,0.0048,0.0000,0,0,0.0000,0,0.0000,0,0,0,722,0
991,2.8901,9.9917,0.0026,0.0000,0,0,0.0000,0,0.0000,0,0,0,696,0
992,5.1405,6.7491,0.0063,0.0000,0,0,0.0000,0,0.0000,0,0,0,601,0
993,3.0309,5.7348,0.0017,0.0000,0,0,0.0000,0,0.0000,0,0,0,601,0
994,2.9124,10.0085,0.0040,0.0000,0,0,0.0000,0,0.0000,0,0,0,696,0
995,2.8901,9.9178,0.0022,0.0000,0,0,0.0000,0,0.0000,0,0,0,696,0
996,5.1405,6.2576,0.0018,0.0000,0,0,0.0000,0,0.0000,0,0,0,601,0
997,3.0309,6.0066,0.0020,0.0000,0,0,0.0000,0,0.0000,0,0,0,601,0
998,2.9124,6.0399,0.0015,0.0000,0,0,0.0000,0,0.0000,0,0,0,696,0
999,2.8901,10.0240,0.0015,0.0000,0,0,0.0000,0,0.0000,0,0,0,696,0
1000,5.1405,5.8623,0.0013,0.0000,0,0,0.0000,0,0.0000,0,0,0,601,0
1001,3.0309,5.5978,0.0019,0.0000,0,0,0.0000,0,0.0000,0,0,0,601,0
1002,2.9124,10.2471,0.0018,0.0000,0,0,0.0000,0,0.0000,0,0,0,696,0
1003,2.8901,10.1581,0.0012,0.0000,0,0,0.0000,0,0.0000,0,0,0,700,0
1004,5.1405,5.9029,0.0018,0.0000,0,0,0.0000,0,0.0000,0,0,0,601,0
1005,3.0309,5.6606,0.0010,0.0000,0,0,0.0000,0,0.0000,0,0,0,601,0
1006,2.9124,10.2649,0.0015,0.0000,0,0,0.0000,0,0.0000,0,0,0,705,0
1007,2.8901,10.1788,0.0021,0.0000,0,0,0.0000,0,0.0000,0,0,0,702,0
1008,5.1405,6.4845,0.0102,0.0000,0,0,0.0000,0,0.0000,0,0,0,601,0
1009,3.0309,5.6540,0.0018,0.0000,0,0,0.0000,0,0.0000,0,0,0,601,0
1010,2.9124,10.4217,0.0039,0.0000,0,0,0.0000,0,0.0000,0,0,0,708,0
1011,2.8901,10.1857,0.0032,0.0000,0,0,0.0000,0,0.0000,0,0,0,706,0
1012,5.1405,6.5035,0.0017,0.0000,0,0,0.0000,0,0.0000,0,0,0,601,0
1013,3.0309,5.7343,0.0017,0.0000,0,0,0.0000,0,0.0000,0,0,0,601,0
1014,2.9124,10.0559,0.0025,0.0000,0,0,0.0000,0,0.0000,0,0,0,707,0
1015,2.8901,9.5891,0.0021,0.0000,0,0,0.0000,0,0.0000,0,0,0,721,0
1016,5.1405,6.0902,0.0021,0.0000,0,0,0.0000,0,0.0000,0,0,0,601,0
1017,3.0309,5.7275,0.0019,0.0000,0,0,0.0000,0,0.0000,0,0,0,601,0
1018,2.9124,10.6553,0.0022,0.0000,0,0,0.0000,0,0.0000,0,0,0,708,0
1019,2.8901,10.4985,0.0006,0.0000,0,0,0.0000,0,0.0000,0,0,0,696,0
1020,5.1405,6.1534,0.0048,0.0000,0,0,0.0000,0,0.0000,0,0,0,601,0
1021,3.0309,5.7405,0.0048,0.0000,0,0,0.0000,0,0.0000,0,0,0,601,0
1022,2.9124,10.6822,0.0016,0.0000,0,0,0.0000,0,0.0000,0,0,0,706,0
1023,2.8901,10.6342,0.0011,0.0000,0,0,0.0000,0,0.0000,0,0,0,696,0
1024,5.1405,6.6899,0.0074,0.0000,0,0,0.0000,0,0.0000,0,0,0,601,0
1025,3.0309,5.8027,0.0016,0.0000,0,0,0.0000,0,0.0000,0,0,0,601,0
1026,2.9124,10.4117,0.0014,0.0000,0,0,0.0000,0,0.0000,0,0,0,711,0
1027,2.8901,10.2809,0.0015,0.0000,0,0,0.0000,0,0.0000,0,0,0,696,0
1028,5.1405,6.7453,0.0069,0.0000,0,0,0.0000,0,0.0000,0,0,0,601,0
1029,3.0309,5.7652,0.0011,0.0000,0,0,0.0000,0,0.0000,0,0,0,601,0
1030,2.9124,10.4770,0.0010,0.0000,0,0,0.0000,0,0.0000,0,0,0,706,0
1031,2.8901,10.2855,0.0014,0.0000,0,0,0.0000,0,0.0000,0,0,0,702,0
1032,5.1405,6.9233,0.0112,0.0000,0,0,0.0000,0,0.0000,0,0,0,601,0
1033,3.0309,5.8170,0.0113,0.0000,0,0,0.0000,0,0.0000,0,0,0,601,0
1034,2.9124,13.4071,0.0095,0.0000,0,0,0.0000,0,0.0000,0,0,0,748,0
1035,2.8901,13.1713,0.0017,0.0000,0,0,0.0000,0,0.0000,0,0,0,702,0
1036,5.1405,6.3210,0.0029,0.0000,0,0,0.0000,0,0.0000,0,0,0,601,0
1037,3.0309,5.8009,0.0022,0.0000,0,0,0.0000,0,0.0000,0,0,0,601,0
1038,2.9124,10.2877,0.0021,0.0000,0,0,0.0000,0,0.0000,0,0,0,696,0
1039,2.8901,10.2760,0.0008,0.0000,0,0,0.0000,0,0.0000,0,0,0,702,0
1040,5.1405,7.1355,0.0046,0.0000,0,0,0.0000,0,0.0000,0,0,0,601,0
1041,3.0309,5.8155,0.0010,0.0000,0,0,0.0000,0,0.0000,0,0,0,601,0
1042,2.9124,10.7975,0.0063,0.0000,0,0,0.0000,0,0.0000,0,0,0,696,0
1043,2.8901,10.5270,0.0063,0.0000,0,0,0.0000,0,0.0000,0,0,0,742,0
1044,5.1405,6.7012,0.0040,0.0000,0,0,0.0000,0,0.0000,0,0,0,601,0
1045,3.0309,5.8250,0.0027,0.0000,0,0,0.0000,0,0.0000,0,0,0,601,0
1046,2.9124,10.4712,0.0022,0.0000,0,0,0.0000,0,0.0000,0,0,0,696,0
1047,2.8901,10.2587,0.0005,0.0000,0,0,0.0000,0,0.0000,0,0,0,696,0
1048,5.1405,6.2445,0.0053,0.0000,0,0,0.0000,0,0.0000,0,0,0,601,0
1049,3.0309,5.7715,0.0053,0.0000,0,0,0.0000,0,0.0000,0,0,0,601,0
1050,2.9124,10.6582,0.0018,0.0000,0,0,0.0000,0,0.0000,0,0,0,696,0
1051,2.8901,10.6181,0.0011,0.0000,0,0,0.0000,0,0.0000,0,0,0,696,0
1052,5.1405,6.7783,0.0025,0.0000,0,0,0.0000,0,0.0000,0,0,0,601,0
1053,3.0309,5.7363,0.0013,0.0000,0,0,0.0000,0,0.0000,0,0,0,601,0
1054,2.9124,10.5293,0.0018,0.0000,0,0,0.0000,0,0.0000,0,0,0,702,0
1055,2.8901,10.3635,0.0006,0.0000,0,0,0.0000,0,0.0000,0,0,0,696,0
1056,5.1405,6.9485,0.0026,0.0000,0,0,0.0000,0,0.0000,0,0,0,601,0
1057,3.0309,5.7823,0.0025,0.0000,0,0,0.0000,0,0.0000,0,0,0,601,0
1058,2.9124,10.5795,0.0020,0.0000,0,0,0.0000,0,0.0000,0,0,0,701,0
1059,2.8901,10.2248,0.0005,0.0000,0,0,0.0000,0,0.0000,0,0,0,696,0
1060,5.1405,6.7354,0.0043,0.0000,0,0,0.0000,0,0.0000,0,0,0,601,0
1061,3.0309,5.8515,0.0008,0.0000,0,0,0.0000,0,0.0000,0,0,0,601,0
1062,2.9124,10.4447,0.0014,0.0000,0,0,0.0000,0,0.0000,0,0,0,704,0
1063,2.8901,10.3179,0.0006,0.0000,0,0,0.0000,0,0.0000,0,0,0,701,0
1064,5.1405,6.9481,0.0033,0.0000,0,0,0.0000,0,0.0000,0,0,0,601,0
1065,3.0309,5.8410,0.0007,0.0000,0,0,0.0000,0,0.0000,0,0,0,601,0
1066,2.9124,10.1827,0.0015,0.0000,0,0,0.0000,0,0.0000,0,0,0,701,0
1067,2.8901,10.2665,0.0013,0.0000,0,0,0.0000,0,0.0000,0,0,0,700,0
1068,5.1405,6.6374,0.0049,0.0000,0,0,0.0000,0,0.0000,0,0,0,601,0
1069,3.0309,5.8362,0.0011,0.0000,0,0,0.0000,0,0.0000,0,0,0,601,0
1070,2.9124,10.4113,0.0008,0.0000,0,0,0.0000,0,0.0000,0,0,0,701,0
1071,2.8901,10.2722,0.0012,0.0000,0,0,0.0000,0,0.0000,0,0,0,720,0
1072,5.1405,6.8042,0.0030,0.0000,0,0,0.0000,0,0.0000,0,0,0,601,0
1073,3.0309,5.8106,0.0016,0.0000,0,0,0.0000,0,0.0000,0,0,0,601,0
1074,2.9124,10.4731,0.0042,0.0000,0,0,0.0000,0,0.0000,0,0,0,702,0
1075,2.8901,10.2007,0.0013,0.0000,0,0,0.0000,0,0.0000,0,0,0,696,0
1076,5.1405,6.2008,0.0013,0.0000,0,0,0.0000,0,0.0000,0,0,0,601,0
1077,3.0309,5.8125,0.0014,0.0000,0,0,0.0000,0,0.0000,0,0,0,601,0
1078,2.9124,10.6030,0.0009,0.0000,0,0,0.0000,0,0.0000,0,0,0,712,0
1079,2.8901,10.5517,0.0008,0.0000,0,0,0.0000,0,0.0000,0,0,0,696,0
1080,5.1405,8.5391,0.0083,0.0000,0,0,0.0000,0,0.0000,0,0,0,601,0
1081,3.0309,7.7783,0.0009,0.0000,0,0,0.0000,0,0.0000,0,0,0,601,0
1082,2.9124,10.3608,0.0008,0.0000,0,0,0.0000,0,0.0000,0,0,0,696,0
1083,2.8901,10.3270,0.0008,0.0000,0,0,0.0000,0,0.0000,0,0,0,696,0
1084,5.1405,7.0625,0.0095,0.0000,0,0,0.0000,0,0.0000,0,0,0,601,0
1085,3.0309,5.9212,0.0095,0.0000,0,0,0.0000,0,0.0000,0,0,0,601,0
1086,2.9124,10.4900,0.0057,0.0000,0,0,0.0000,0,0.0000,0,0,0,696,0
1087,2.8901,10.2759,0.0022,0.0000,0,0,0.0000,0,0.0000,0,0,0,696,0
1088,5.1405,6.5542,0.0053,0.0000,0,0,0.0000,0,0.0000,0,0,0,601,0
1089,3.0309,5.7773,0.0015,0.0000,0,0,0.0000,0,0.0000,0,0,0,601,0
1090,2.9124,10.0070,0.0031,0.0000,0,0,0.0000,0,0.0000,0,0,0,696,0
1091,2.8901,9.9692,0.0025,0.0000,0,0,0.0000,0,0.0000,0,0,0,705,0
1092,5.1405,6.3543,0.0018,0.0000,0,0,0.0000,0,0.0000,0,0,0,601,0
1093,3.0309,5.7523,0.0016,0.0000,0,0,0.0000,0,0.0000,0,0,0,601,0
1094,2.9124,10.0055,0.0390,0.0000,0,0,0.0000,0,0.0000,0,0,0,696,0
1095,2.8901,9.9511,0.0018,0.0000,0,0,0.0000,0,0.0000,0,0,0,704,0
1096,5.1405,7.3093,0.0020,0.0000,0,0,0.0000,0,0.0000,0,0,0,601,0
1097,3.0309,6.4017,0.0014,0.0000,0,0,0.0000,0,0.0000,0,0,0,601,0
1098,2.9124,10.4264,0.0066,0.0000,0,0,0.0000,0,0.0000,0,0,0,706,0
1099,2.8901,10.1898,0.0066,0.0000,0,0,0.0000,0,0.0000,0,0,0,711,0
1100,5.1405,6.5660,0.0074,0.0000,0,0,0.0000,0,0.0000,0,0,0,601,0
1101,3.0309,6.0284,0.0019,0.0000,0,0,0.0000,0,0.0000,0,0,0,601,0
1102,2.9124,10.2892,0.0039,0.0000,0,0,0.0000,0,0.0000,0,0,0,702,0
1103,2.8901,10.1661,0.0015,0.0000,0,0,0.0000,0,0.0000,0,0,0,696,0
1104,5.1405,6.4380,0.0014,0.0000,0,0,0.0000,0,0.0000,0,0,0,601,0
1105,3.0309,5.6942,0.0011,0.0000,0,0,0.0000,0,0.0000,0,0,0,601,0
1106,2.9124,10.1688,0.0090,0.0000,0,0,0.0000,0,0.0000,0,0,0,702,0
1107,2.8901,10.2845,0.0025,0.0000,0,0,0.0000,0,0.0000,0,0,0,696,0
1108,5.1405,6.4730,0.0069,0.0000,0,0,0.0000,0,0.0000,0,0,0,601,0
1109,3.0309,6.0814,0.0019,0.0000,0,0,0.0000,0,0.0000,0,0,0,601,0
1110,2.9124,9.3561,0.0040,0.0000,0,0,0.0000,0,0.0000,0,0,0,696,0
1111,2.8901,9.9339,0.0024,0.0000,0,0,0.0000,0,0.0000,0,0,0,696,0
1112,5.1405,6.6493,0.0045,0.0000,0,0,0.0000,0,0.0000,0,0,0,601,0
1113,3.0309,5.9317,0.0017,0.0000,0,0,0.0000,0,0.0000,0,0,0,601,0
1114,2.9124,9.7991,0.0027,0.0000,0,0,0.0000,0,0.0000,0,0,0,696,0
1115,2.8901,10.1243,0.0101,0.0000,0,0,0.0000,0,0.0000,0,0,0,696,0
1116,5.1405,6.5320,0.0090,0.0000,0,0,0.0000,0,0.0000,0,0,0,601,0
1117,3.0309,5.7393,0.0014,0.0000,0,0,0.0000,0,0.0000,0,0,0,601,0
1118,2.9124,9.6471,0.0015,0.0000,0,0,0.0000,0,0.0000,0,0,0,696,0
1119,2.8901,10.2650,0.0015,0.0000,0,0,0.0000,0,0.0000,0,0,0,701,0
1120,5.1405,6.2485,0.0079,0.0000,0,0,0.0000,0,0.0000,0,0,0,601,0
1121,3.0309,5.7124,0.0079,0.0000,0,0,0.0000,0,0.0000,0,0,0,601,0
1122,2.9124,10.3818,0.0185,0.0000,0,0,0.0000,0,0.0000,0,0,0,709,0
1123,2.8901,10.3125,0.0011,0.0000,0,0,0.0000,0,0.0000,0,0,0,696,0
1124,5.1405,6.7452,0.0074,0.0000,0,0,0.0000,0,0.0000,0,0,0,601,0
1125,3.0309,5.9487,0.0032,0.0000,0,0,0.0000,0,0.0000,0,0,0,601,0
1126,2.9124,10.4486,0.0018,0.0000,0,0,0.0000,0,0.0000,0,0,0,696,0
1127,2.8901,10.3067,0.0013,0.0000,0,0,0.0000,0,0.0000,0,0,0,707,0
1128,5.1405,6.3640,0.0053,0.0000,0,0,0.0000,0,0.0000,0,0,0,601,0
1129,3.0309,5.6174,0.0053,0.0000,0,0,0.0000,0,0.0000,0,0,0,601,0
1130,2.9124,12.6691,0.0057,0.0000,0,0,0.0000,0,0.0000,0,0,0,696,0
1131,2.8901,12.5908,0.0022,0.0000,0,0,0.0000,0,0.0000,0,0,0,698,0
1132,5.1405,6.7982,0.0064,0.0000,0,0,0.0000,0,0.0000,0,0,0,601,0
1133,3.0309,6.1154,0.0018,0.0000,0,0,0.0000,0,0.0000,0,0,0,601,0
1134,2.9124,10.6235,0.0049,0.0000,0,0,0.0000,0,0.0000,0,0,0,696,0
1135,2.8901,10.5364,0.0011,0.0000,0,0,0.0000,0,0.0000,0,0,0,696,0
1136,5.1405,6.6445,0.0064,0.0000,0,0,0.0000,0,0.0000,0,0,0,601,0
1137,3.0309,5.7866,0.0064,0.0000,0,0,0.0000,0,0.0000,0,0,0,601,0
1138,2.9124,12.0094,0.0056,0.0000,0,0,0.0000,0,0.0000,0,0,0,696,0
1139,2.8901,12.0837,0.0016,0.0000,0,0,0.0000,0,0.0000,0,0,0,696,0
1140,5.1405,6.6094,0.0078,0.0000,0,0,0.0000,0,0.0000,0,0,0,601,0
1141,3.0309,5.9675,0.0024,0.0000,0,0,0.0000,0,0.0000,0,0,0,601,0
1142,2.9124,10.5045,0.0065,0.0000,0,0,0.0000,0,0.0000,0,0,0,696,0
1143,2.8901,10.3458,0.0031,0.0000,0,0,0.0000,0,0.0000,0,0,0,696,0
1144,5.1405,6.6644,0.0065,0.0000,0,0,0.0000,0,0.0000,0,0,0,601,0
1145,3.0309,5.9173,0.0022,0.0000,0,0,0.0000,0,0.0000,0,0,0,601,0
1146,2.9124,10.3462,0.0061,0.0000,0,0,0.0000,0,0.0000,0,0,0,696,0
1147,2.8901,10.2523,0.0016,0.0000,0,0,0.0000,0,0.0000,0,0,0,696,0
1148,5.1405,6.5523,0.0076,0.0000,0,0,0.0000,0,0.0000,0,0,0,601,0
1149,3.0309,5.7639,0.0030,0.0000,0,0,0.0000,0,0.0000,0,0,0,601,0
1150,2.9124,10.4383,0.0035,0.0000,0,0,0.0000,0,0.0000,0,0,0,696,0
1151,2.8901,10.2455,0.0027,0.0000,0,0,0.0000,0,0.0000,0,0,0,696,0
1152,5.1405,6.6337,0.0068,0.0000,0,0,0.0000,0,0.0000,0,0,0,601,0
1153,3.0309,5.7805,0.0067,0.0000,0,0,0.0000,0,0.0000,0,0,0,601,0
1154,2.9124,10.7576,0.0060,0.0000,0,0,0.0000,0,0.0000,0,0,0,696,0
1155,2.8901,10.6930,0.0015,0.0000,0,0,0.0000,0,0.0000,0,0,0,706,0
1156,5.1405,6.6227,0.0070,0.0000,0,0,0.0000,0,0.0000,0,0,0,601,0
1157,3.0309,5.8202,0.0071,0.0000,0,0,0.0000,0,0.0000,0,0,0,601,0
1158,2.9124,10.3399,0.0027,0.0000,0,0,0.0000,0,0.0000,0,0,0,696,0
1159,2.8901,10.2579,0.0027,0.0000,0,0,0.0000,0,0.0000,0,0,0,696,0
1160,5.1405,6.4900,0.0063,0.0000,0,0,0.0000,0,0.0000,0,0,0,601,0
1161,3.0309,5.6492,0.0014,0.0000,0,0,0.0000,0,0.0000,0,0,0,601,0
1162,2.9124,10.7707,0.0055,0.0000,0,0,0.0000,0,0.0000,0,0,0,696,0
1163,2.8901,10.7135,0.0023,0.0000,0,0,0.0000,0,0.0000,0,0,0,696,0
1164,5.1405,6.7580,0.0069,0.0000,0,0,0.0000,0,0.0000,0,0,0,601,0
1165,3.0309,5.8118,0.0066,0.0000,0,0,0.0000,0,0.0000,0,0,0,601,0
1166,2.9124,10.2362,0.0026,0.0000,0,0,0.0000,0,0.0000,0,0,0,701,0
1167,2.8901,10.1876,0.0022,0.0000,0,0,0.0000,0,0.0000,0,0,0,696,0
1168,5.1405,6.4515,0.0065,0.0000,0,0,0.0000,0,0.0000,0,0,0,601,0
1169,3.0309,5.7352,0.0030,0.0000,0,0,0.0000,0,0.0000,0,0,0,601,0
1170,2.9124,10.2815,0.0029,0.0000,0,0,0.0000,0,0.0000,0,0,0,696,0
1171,2.8901,10.2265,0.0023,0.0000,0,0,0.0000,0,0.0000,0,0,0,696,0
1172,5.1405,6.7147,0.0066,0.0000,0,0,0.0000,0,0.0000,0,0,0,601,0
1173,3.0309,5.8927,0.0022,0.0000,0,0,0.0000,0,0.0000,0,0,0,601,0
1174,2.9124,10.1201,0.0047,0.0000,0,0,0.0000,0,0.0000,0,0,0,696,0
1175,2.8901,9.8810,0.0011,0.0000,0,0,0.0000,0,0.0000,0,0,0,696,0
1176,5.1405,6.4604,0.0066,0.0000,0,0,0.0000,0,0.0000,0,0,0,601,0
1177,3.0309,5.8806,0.0026,0.0000,0,0,0.0000,0,0.0000,0,0,0,601,0
1178,2.9124,9.9168,0.0026,0.0000,0,0,0.0000,0,0.0000,0,0,0,696,0
1179,2.8901,9.9698,0.0024,0.0000,0,0,0.0000,0,0.0000,0,0,0,696,0
1180,5.1405,6.4759,0.0061,0.0000,0,0,0.0000,0,0.0000,0,0,0,601,0
1181,3.0309,5.8663,0.0029,0.0000,0,0,0.0000,0,0.0000,0,0,0,601,0
1182,2.9124,10.2609,0.0038,0.0000,0,0,0.0000,0,0.0000,0,0,0,696,0
1183,2.8901,10.0281,0.0028,0.0000,0,0,0.0000,0,0.0000,0,0,0,706,0
1184,5.1405,6.4843,0.0061,0.0000,0,0,0.0000,0,0.0000,0,0,0,601,0
1185,3.0309,7.1113,0.0033,0.0000,0,0,0.0000,0,0.0000,0,0,0,601,0
1186,2.9124,10.0593,0.0052,0.0000,0,0,0.0000,0,0.0000,0,0,0,696,0
1187,2.8901,10.0022,0.0025,0.0000,0,0,0.0000,0,0.0000,0,0,0,696,0
1188,5.1405,6.6937,0.0047,0.0000,0,0,0.0000,0,0.0000,0,0,0,601,0
1189,3.0309,6.0465,0.0020,0.0000,0,0,0.0000,0,0.0000,0,0,0,601,0
1190,2.9124,10.7967,0.0051,0.0000,0,0,0.0000,0,0.0000,0,0,0,696,0
1191,2.8901,11.4564,0.0018,0.0000,0,0,0.0000,0,0.0000,0,0,0,696,0
1192,5.1405,6.5255,0.0041,0.0000,0,0,0.0000,0,0.0000,0,0,0,601,0
1193,3.0309,5.7189,0.0011,0.0000,0,0,0.0000,0,0.0000,0,0,0,601,0
1194,2.9124,9.9161,0.0018,0.0000,0,0,0.0000,0,0.0000,0,0,0,696,0
1195,2.8901,10.0268,0.0011,0.0000,0,0,0.0000,0,0.0000,0,0,0,696,0
1196,5.1405,6.5875,0.0036,0.0000,0,0,0.0000,0,0.0000,0,0,0,601,0
1197,3.0309,5.6686,0.0013,0.0000,0,0,0.0000,0,0.0000,0,0,0,601,0
1198,2.9124,10.2469,0.0015,0.0000,0,0,0.0000,0,0.0000,0,0,0,696,0
1199,2.8901,10.1320,0.0019,0.0000,0,0,0.0000,0,0.0000,0,0,0,703,0
